50617 37445 33033 57989 35627 52614 38366 32573 52840 50788 53450 37060 44726 36025 48641 43072 47438 48993 38133 40256
43546 36541 39095 53724 34164 47882 35992 33594 41388 48283 41929 34842 43591 33244 44377 36872 51417 36847 37986 33059
54201 47651 45789 64918 40106 58578 34014 44696 59200 46993 55722 50016 51355 44246 48274 47253 53969 48095 52387 42023
59305 50639 57016 69556 46056 59179 49477 46770 52650 51812 54832 52565 50435 41105 52823 48694 63212 44763 57861 46640
46685 43110 43319 56808 36504 46809 37544 39046 43729 37385 50450 43396 37807 34814 40690 35560 44525 41181 45263 42316
60508 54609 53068 70127 46429 56890 46504 59106 66026 46911 60220 44540 48118 54725 51918 46765 60339 50672 61055 54165
49660 56163 61430 67213 48197 53474 42428 43967 58421 47928 59894 54474 52007 44745 51046 50013 54184 54528 53227 45301
41587 42697 47053 58111 37547 45552 36126 38563 44849 39929 44313 44393 41627 39068 44955 42263 47765 41528 44183 43277
52446 36955 38280 54278 30782 48416 31111 39977 52160 43455 43005 37288 42688 40227 44249 40816 51465 36823 45115 32681
50557 46118 44267 61678 37080 51042 32358 43944 58010 38482 52614 46515 40334 44747 42684 43128 49920 45433 46702 42262
49209 41011 40290 53183 36368 45118 37820 31655 53608 42835 51249 37189 42427 36080 49369 42805 45157 40308 40803 43627
54908 38057 41406 58710 42341 52174 41006 36582 52802 43700 54576 44205 46443 39982 49155 46333 48571 46262 43422 46658
66066 50931 49008 82656 46176 59132 53242 50739 57174 55064 59468 46587 53190 46336 55132 46102 70707 51300 59665 43923
55304 51155 62222 77207 52823 62456 46885 46078 62977 48917 63615 55384 52107 46018 52776 54600 60233 55988 54296 51435
42954 34985 38845 58432 28498 38672 40233 33904 42290 34779 41175 32715 33128 28928 36735 33214 49327 35676 43367 34570
43843 42373 41459 53233 41348 51416 36892 32359 54463 45121 55495 45436 46434 40172 48897 46652 45399 48907 37340 49615
63742 53972 52502 66785 42419 60653 44253 46932 64095 53973 64715 51922 53143 45986 56755 49952 56050 49950 58451 51994
59811 56419 52712 72257 55898 61771 47039 49753 64978 54552 71571 55745 57469 51040 59366 56193 56761 64080 52713 53663
56861 48063 48118 71873 45103 50188 46925 37215 52775 47587 59067 46536 51380 43227 51940 46983 57767 50902 51900 43179
64956 54059 49194 75723 43940 64780 44949 55364 67893 53846 64499 51091 56158 47102 53180 52639 62584 56142 60261 44436
