130257 123501 121577 124785 125566 132664 95098 137729 115484 124450 116149 114377 100615 108632 122580 115146 103965 132573 131894 120586 144532 128108 141174 141251 125854 132357 129412 129048 128185 124244 116480 125999 125382 101546 119055 139159 106303 127640 120761 124858 127226 125675 136065 109721 128206 114981 112073 133062 112327 115710
150287 141360 144989 124164 137558 147682 133530 164361 147767 140381 145158 142238 126553 136188 146512 141352 135154 146003 139930 125653 168456 141795 159897 146481 143034 141972 144564 145225 156394 138056 130006 147274 151725 127481 148536 140690 124213 166052 154840 134119 151152 134933 153836 131700 139499 132918 140130 145118 134462 128249
142846 132366 145879 135002 143245 143683 116548 141149 138804 150639 134556 117291 131073 138805 139701 133022 130610 135714 143817 132752 159177 140755 152226 154060 137416 153846 139493 149270 149869 144295 125695 150257 142093 114842 143716 150182 119531 158598 142880 151969 150428 129335 136584 125603 150954 135773 129262 136490 121332 127584
122385 118636 135754 105121 119366 119966 100265 134559 126475 126286 119202 120187 117662 125846 134427 125048 108656 132768 113685 122263 162082 120662 137437 126240 111215 112314 136590 130710 127838 117895 113901 134506 131363 104060 137048 122643 112372 147578 129498 133587 134896 119478 135619 119566 119082 129546 119357 128610 124670 117538
142090 116641 136513 128133 133742 138208 105678 142260 135588 129203 115590 114701 112255 128898 131611 133043 128859 140578 131848 130164 159738 128530 143990 144070 130714 136746 135358 142348 138199 136747 127618 128743 138159 113535 135298 138962 118979 147948 137280 134934 147922 127173 136434 116607 143388 120994 124359 133617 121312 127658
138426 140141 142094 128483 134224 145636 111068 133266 138372 135057 125011 119310 119245 132877 140021 123956 120315 135692 136678 147180 159478 134408 147253 140480 126439 143222 150655 150639 131291 140839 130880 134018 143523 123157 139527 143065 124607 145783 143420 129592 152126 116534 149854 120870 141488 127260 119011 140302 138318 127084
137010 118053 139244 125565 135769 142096 108401 135542 142733 130712 137731 120519 124723 130712 126610 127647 123666 129882 129973 126284 148572 129905 141759 139909 132826 135524 137271 133935 144065 137165 133181 143928 131663 123532 139115 120723 116298 143762 133779 140462 128635 128353 132308 119690 124829 136846 121317 130505 125683 112613
136817 132066 137316 119177 134373 152464 121754 147355 148248 145418 137074 125765 127428 131389 134497 140546 134379 142857 138753 137093 158899 132232 156029 145588 140518 146217 144568 145917 141185 151572 128146 151391 146266 127340 139827 132626 124860 156423 144480 135074 140559 139005 146941 117910 136542 133183 124516 139548 134732 123199
120495 108284 111767 104314 105916 117833 99541 117807 114495 119012 115080 97083 106329 107011 107637 109154 106993 108501 122015 110582 130715 106415 122914 108656 99735 110669 108860 116645 109128 116775 102565 122228 116748 101423 108152 106747 97782 132850 124871 103464 118083 105843 112935 108355 112573 102702 100645 118606 110091 92616
140951 133183 139207 122800 134897 138701 111016 140997 137808 138185 131596 130689 130922 126028 127060 123258 131472 130919 133367 121029 156639 133373 146736 136483 130053 131211 142092 130186 144091 139964 126826 149840 142301 114435 141991 115613 129115 154728 144348 133807 135651 123663 147982 117746 121257 128173 123945 141002 133220 115999
133497 131985 140015 128045 128508 139708 113354 140026 134321 136965 143949 125283 127015 124942 135451 129477 126859 126832 133952 127520 157339 142242 147105 129062 124711 133969 143968 129877 144378 133952 130370 145726 142197 116836 129954 130259 110012 145302 139882 128536 133069 127735 138832 119535 123750 142201 115236 138292 130202 121194
105629 113889 116029 100188 111283 121328 87764 122392 120687 117740 115056 100032 107273 106172 112972 113741 101024 114936 109183 117071 137314 116416 136827 114416 101703 124336 119940 114895 115538 117729 107904 110867 122729 101855 122416 120052 105853 121711 112404 113758 118828 116822 112962 102409 110086 110026 93696 108504 112778 106977
107674 105582 105994 94139 93897 97648 99901 115895 103818 101350 93036 108723 84592 95096 100199 96343 88987 111130 93623 99645 128209 93067 110740 107108 100175 102979 106738 101217 98597 98835 91356 105791 103173 106968 103872 107455 99306 110889 102356 109040 100113 94706 108586 95670 96739 93140 102007 102954 95819 96152
131862 125772 130265 118736 115244 122210 106652 130127 116366 119071 113860 113524 97751 111510 124294 124905 118288 136512 119345 118957 145373 129806 140583 123973 106766 115357 127368 119887 133729 127779 126974 136954 124181 112781 120106 125266 109410 129994 112971 130500 116341 118312 126278 116359 119401 125224 105915 139389 117568 113610
139045 134552 143537 127509 133580 142313 114713 151532 144216 144636 135211 127279 129008 137359 145198 136241 128727 155737 142749 143332 170177 134234 160125 136265 130857 127896 143289 145371 134847 135186 130500 144522 139561 126862 144035 140650 130928 152981 154759 135570 158717 133121 151281 128101 141471 135001 131502 152080 137063 139470
124561 118718 127751 112020 111318 131398 92099 143584 123180 125944 122763 111747 103139 116964 123363 123591 119335 121874 127903 120689 144390 121821 128695 129871 121384 132252 127798 131673 129171 119798 118485 126695 133972 103685 114815 132509 105061 137058 125515 128498 127054 124693 131244 114647 120732 131641 105587 122217 126652 105771
127144 116113 117295 115186 121769 126142 97084 132743 117618 120941 120122 103730 107144 111939 121825 116159 104577 138879 125428 126266 143711 122542 129863 130967 120373 110636 125056 124569 110017 121082 114576 133131 115618 101911 119349 112877 92566 131499 123817 112578 129234 112204 129135 113824 125441 109292 98700 127414 113801 100953
153774 151026 150523 139617 139765 147675 131568 164761 148024 152852 147078 138812 139432 142744 145507 146441 144543 155537 149610 140177 174805 139366 165444 152117 139992 140128 148902 158607 142222 148582 141966 167111 150098 131499 156066 146690 134071 163993 161913 154097 156125 142824 156118 134199 149113 145050 145859 149336 133267 133466
109070 89729 118506 96950 104187 111553 85862 113883 112193 120356 106801 91947 107187 116658 105894 104556 103261 114763 110679 109552 121695 111825 117291 109859 104614 107669 102262 104413 120594 103339 97146 110219 109608 97383 107711 117340 87611 125154 112760 108806 112784 113808 109565 104542 104791 104461 110511 119124 103603 96532
136443 120119 134588 134349 143579 142550 100882 156968 137440 152518 138207 112733 123468 133672 142032 133855 128045 156622 149616 134713 163519 132351 154304 147616 128899 143759 141555 149348 135023 136087 128224 145091 143088 119121 130746 145166 117571 148957 148282 139040 145583 138604 143833 127574 137215 121330 128701 146721 128831 128023
149351 132990 140369 128460 135875 142239 108033 154248 137831 136247 141768 129650 127420 123093 131553 130172 132504 143689 136917 136460 161953 132260 152167 133922 124885 128916 140387 135066 128001 128996 130008 145813 133258 124287 127988 134687 124104 142688 147759 141391 144328 132560 132028 132630 135893 139325 133353 132811 124969 122492
119520 117386 124325 113168 114554 122790 94753 122032 117049 114403 114785 107940 107750 115579 119336 110333 109160 113893 108158 124402 134288 106288 133435 122175 101724 119423 128715 128484 118300 122377 109189 134123 115200 106827 120563 106952 106395 130886 116223 119827 121339 110952 108800 105820 123675 119171 99390 117961 109200 114356
124429 121866 134854 112633 127152 119297 106029 143783 132275 140524 135286 113301 117525 128951 128205 117417 117695 135750 130077 124812 142408 130284 141364 138779 125005 122070 120669 132154 129564 117850 121990 145826 129848 110167 136298 137456 104651 135974 132861 140925 136054 135746 136255 115040 126239 128299 125266 140510 121609 111960
130142 124588 140478 116894 119299 134270 117616 147411 129176 139312 125083 108086 116777 127002 135946 125051 117882 135461 138738 123695 152563 126796 146463 140595 120103 148778 132627 145670 135754 135251 114713 138418 134430 110981 136768 136462 114146 150355 133491 125576 139261 109841 138133 112371 131447 126570 125197 134562 117340 112356
130583 121528 128875 125110 134815 142058 103479 137933 130819 128491 130131 121054 119111 130326 128561 127029 114983 144401 122431 134092 161164 135848 156898 137738 114471 124310 133266 137022 136506 129364 125433 130146 134289 123314 129560 134630 123136 130940 138375 122971 140542 125754 123777 121741 126747 114681 107145 141102 126135 128590
118688 114118 114102 107144 110958 127427 96907 134136 123754 125439 121362 108554 103855 119038 115918 112821 110115 126133 110405 112256 143883 121714 139876 127961 104512 122318 127796 121790 128394 114505 112760 108238 128275 113076 119372 132844 108052 136011 122273 119214 130122 107191 122893 111192 108040 115180 111388 111016 105875 119708
146022 136238 151005 132696 138806 153058 111852 154025 144742 142313 137565 124235 135943 135671 140843 145432 129454 155027 153374 145437 172016 153501 167976 147467 122469 145968 147362 149187 147260 151673 142140 140943 151510 122276 152554 144886 143688 153770 143518 140149 143484 144639 146330 139340 141995 140989 120928 152730 140875 127463
136563 128297 132051 117495 121723 141878 128462 147404 134896 129677 137928 120455 109404 120183 136552 125620 130715 138832 131468 126955 150012 130537 151096 137554 122296 135519 139021 135831 126772 133076 127504 135547 137879 118618 133187 131073 115620 142810 141264 120819 132663 119330 127481 126294 134764 127960 112043 134560 129386 123907
102489 93711 117043 100717 110507 118475 85270 117996 111352 110824 111775 92181 109241 102841 115674 103223 112881 106635 118088 101927 128938 110935 130073 109203 94398 116070 113734 113364 115076 113285 108816 107655 116488 83913 115992 116519 101155 120830 114782 102216 110740 105931 121119 93442 110554 112424 101294 113164 111601 104099
131843 108905 127209 112516 126914 138348 101456 132550 125948 131317 110746 102762 112991 115305 120807 128133 115925 130979 128586 122454 149516 120820 141004 137275 120867 141100 131422 129694 129355 132026 109771 124467 129289 105632 130948 124881 108512 132851 129888 115128 127467 120082 128155 103979 133471 112634 117721 132408 123478 106693
138878 133188 131847 127519 124251 150435 103786 147519 135489 136952 127928 121380 125042 123069 128314 139473 130106 140777 137283 128896 161442 133282 153890 141232 127264 137806 140754 137445 138317 137650 125396 132671 135845 120394 127923 138827 115764 143335 145645 130356 143726 131815 132074 121962 134708 129780 127575 127297 120523 117186
138260 131700 132119 126805 126001 128585 103699 124743 116850 109188 121264 110524 108227 103256 111810 110895 114800 111556 117627 117354 147167 127760 128940 121843 117135 116898 125333 116362 120249 125121 124851 134168 119737 109429 127907 116902 112538 129586 114324 124048 124725 107988 121378 110859 125633 118392 103900 115551 107998 112282
126659 115973 125192 115132 113472 129370 103875 132847 123108 121777 111993 115335 111344 108024 122354 124770 111714 126960 116613 123839 149624 116355 138251 125295 122698 128671 131009 116838 129976 128498 114368 127158 125133 106371 133008 119453 107937 131005 121994 120005 118868 122566 123002 107247 122934 125047 109897 127412 116626 112439
134941 121343 141902 122372 126059 136947 110400 137657 137008 128358 125909 112274 123054 136090 130932 128331 131922 138512 125470 140336 154621 119905 145395 127051 116937 131533 129689 141353 115215 135577 129238 134363 132649 119374 134030 124050 131256 137668 140293 137761 135394 128967 125122 117864 132014 126770 114643 133474 127312 124607
137184 128957 141786 124636 126934 146264 116305 159712 135835 146093 140875 117242 121249 129666 143056 144158 125818 147694 135547 139652 175158 131378 164385 141591 122306 138064 137890 136593 137804 141984 124765 134983 147737 123128 141998 142627 116406 163590 143761 133467 138780 140137 137755 132982 136414 132895 124695 153636 135688 132930
124250 114092 125291 113000 120825 122852 91047 136343 113201 124962 117600 108900 106598 112510 107884 108999 106371 119048 110143 126611 138033 116375 133195 125302 109914 122759 112944 119145 112950 116945 103334 127712 123832 99644 107921 119578 99740 131102 115002 112501 117308 118205 118192 106747 119530 106089 111831 129073 119698 102320
131924 128861 132506 123951 123016 133330 119775 156226 137763 135889 131364 129744 122934 128714 127114 135629 118430 143663 136391 121025 156057 132023 149266 144902 123150 134110 131219 137693 137157 135858 130119 133490 135161 123409 135970 140310 114493 148421 140202 137270 137521 131930 133306 134580 131864 131286 117495 140247 130231 121882
115269 107130 113878 119643 124565 129334 89277 130719 124038 128112 123265 109404 115097 115168 123959 116620 106925 131653 127322 115149 145389 111945 141050 126780 114541 119876 137217 120309 126314 125790 120319 119003 121939 107208 125719 115876 104645 136068 126147 115250 115692 111419 126897 112364 119135 114354 105989 128167 117549 117192
113338 116534 119751 105420 93391 116132 84940 120024 107596 114942 108839 104815 110834 106756 106173 99733 100716 102441 113884 120000 133819 110293 124159 112954 103903 118276 114348 110496 117155 108793 105595 112619 118717 92631 121364 109958 101886 124744 119846 109700 111335 105204 111573 103883 111096 115932 94099 108902 107146 88026
121481 127479 125803 115193 120373 133785 97214 142873 119776 148436 121509 118786 114351 120910 128775 134592 113096 132737 127950 118098 154982 120320 141268 129355 116846 122514 125043 131010 131109 119633 113753 132865 135922 101597 132156 137683 99025 151071 143613 127980 139904 133886 142115 119956 120549 116541 118480 139754 123242 123295
123606 114149 116669 104064 124532 123907 102913 132242 144177 116580 125196 110585 112200 112318 124626 114783 115780 123556 113599 115644 134786 114578 143355 117754 101854 125830 124916 124641 117482 124086 109294 134487 125205 113829 126846 119122 111540 130523 114989 121671 124004 129069 111117 116436 117271 107761 114187 130890 117436 108529
134138 118575 127328 105547 110478 124633 120884 140540 125380 129590 134302 107664 117375 123206 123491 124483 119847 124813 131738 115736 149996 116230 143310 134934 108927 125507 129133 126990 122389 128146 110383 125192 136890 116569 128550 117070 115732 148249 133235 128079 125562 115831 117722 123522 124695 127648 114831 123922 123375 122518
115065 107161 114695 92009 110193 119272 99776 123347 123287 121614 107800 107183 88965 109744 124750 113541 95954 134851 122888 107723 127815 114835 129830 122891 112362 118739 121612 128244 125956 112421 107637 124189 119349 109621 117094 124281 104716 129890 112960 111088 118953 109327 132584 104275 111015 108141 107192 126499 120384 98358
136353 123654 131936 126919 133607 139346 104687 146181 137537 138282 128657 123125 125885 121252 136234 122366 126111 148907 130777 133227 154541 134689 150363 127552 111197 132148 140812 133537 132152 129217 125134 143816 126401 114112 129171 132751 116279 140970 132322 124277 138465 124130 131308 121136 124953 120554 119320 140178 118464 122061
145539 125376 127756 131295 136764 145932 107790 140682 143883 132399 132830 137614 131091 128102 132337 119261 118442 143876 127836 134350 153421 132114 150595 128879 129637 126034 138259 121635 127972 133838 125850 141424 129262 122323 131385 126677 123756 145823 138412 130205 130987 137609 141164 130044 120984 121925 116988 144182 126347 116219
119144 103035 121660 100476 109264 106190 92174 123952 102924 111492 105128 101392 99068 94077 106972 103464 96755 112426 113140 106845 133142 104982 118741 103852 102737 110939 108635 106513 101788 103837 96774 125370 118627 99926 110027 115304 108342 120179 107160 121108 108789 106988 115689 100164 103427 105421 113789 117187 99914 104370
130935 118827 122405 125876 126896 123352 97395 142440 129505 120575 123139 120137 107311 118177 133586 120402 117876 123986 120119 118439 147485 110661 129650 128406 123544 117228 130887 128297 120718 119567 115088 132475 120242 103092 124718 110265 104288 132942 134930 125988 131773 122723 128381 116525 129811 112351 117024 122826 119018 109956
128467 122697 122951 101229 119080 129354 105411 123269 129557 122181 116583 115896 106727 119876 121062 113224 119794 130341 124528 106846 140895 124968 131167 125537 127209 123734 126513 134536 123579 122282 121638 140224 135283 112430 126612 118428 111935 140924 138037 122118 136566 116640 137604 114655 112794 116990 116941 124384 119452 106382
127314 119460 122157 114649 115922 132819 100202 141369 124523 117946 117880 127249 105197 126271 116997 112485 110723 135648 120263 120444 144759 116438 136421 128940 126136 130751 126921 132417 115684 124563 122071 125673 122761 112617 109175 124439 109492 125820 132799 128363 121133 122529 125160 119797 118186 120067 104521 126065 121769 102139
141957 117259 126043 126330 117370 128733 115172 137430 130094 124086 121269 114904 114923 125459 124916 122836 119925 128227 137997 119246 147500 114187 137207 137946 113191 125518 134156 130663 127825 133832 123601 138086 120301 124297 129641 129929 110508 140340 124719 132055 126789 125640 124247 132153 134782 127576 114145 126359 116403 112032
