27 71 93 89 89 81 44 97 11 69 61 81 12 18 56 43 54 62 11 28
89 9 4 88 58 78 14 58 58 16 62 37 2 46 70 63 18 44 12 67
99 40 7 33 82 23 90 81 91 18 49 12 71 94 0 18 74 37 78 28
35 62 64 3 90 22 0 9 64 33 80 60 34 81 87 43 12 36 1 74
76 71 18 97 60 62 75 31 33 81 79 1 80 32 95 32 95 66 59 65
78 99 42 89 7 33 7 10 57 13 82 77 34 16 66 90 39 49 62 12
77 74 38 55 7 20 2 35 10 9 28 99 31 49 48 22 35 12 95 29
66 60 23 54 4 53 94 45 78 99 92 31 57 7 59 45 42 79 56 48
38 4 70 82 54 12 73 4 21 35 6 64 73 15 51 63 92 41 75 9
89 1 3 96 54 49 54 0 17 85 52 46 47 61 63 33 95 49 18 2
23 81 76 81 71 52 50 2 89 62 88 42 49 42 43 3 57 74 37 67
15 21 23 7 60 84 44 24 26 42 74 93 42 32 19 70 4 96 26 94
48 36 95 96 15 56 92 35 61 11 15 41 21 15 0 32 97 74 96 50
52 10 70 25 51 85 2 90 88 65 32 52 61 57 36 31 10 98 31 18
30 50 98 84 58 6 60 36 14 14 53 8 40 46 58 47 44 14 71 68
82 25 57 30 11 59 75 35 97 82 41 58 69 73 73 65 81 12 46 92
66 45 35 95 14 43 20 96 75 9 56 21 3 73 14 15 89 1 85 40
13 46 66 77 8 87 28 21 71 77 76 56 90 1 24 39 42 13 21 21
14 48 5 74 3 76 8 87 94 53 58 21 95 89 42 89 48 95 41 55
71 71 50 41 47 88 34 69 60 78 21 17 59 20 61 59 97 5 95 7
