4 55 62 29 1 55 71 83 75 7 24 73 75 76 68 37 0 25 52 28 84 36 71 76 10 84 60 25 49 59 82 85 9 39 93 4 25 79 73 11 76 62 18 28 52 67 86 43 80 70 51 34 25 9 81 2 22 93 37 35 63 49 22 69 96 84 33 11 75 0 84 4 2 90 34 18 78 6 12 68 59 11 76 45 57 19 99 89 35 80 94 75 72 81 1 98 19 54 74 15
10 82 82 37 67 21 30 85 94 12 24 55 37 31 72 0 29 81 9 59 37 59 56 12 78 85 51 62 42 76 88 5 42 72 43 55 14 50 77 36 83 51 2 67 38 64 60 63 93 56 42 62 82 78 55 57 2 95 53 7 45 15 40 74 86 64 11 17 27 76 15 50 28 56 87 19 18 53 85 89 91 77 34 59 51 87 79 89 56 64 60 11 12 76 35 21 22 34 9 23
60 78 55 17 28 3 18 77 84 1 40 71 12 39 48 93 21 15 34 20 44 34 70 22 0 49 6 40 52 20 9 94 11 12 40 79 1 27 14 56 75 49 45 95 39 80 35 11 51 22 6 83 83 62 39 20 28 20 14 13 7 69 91 11 24 34 64 77 26 8 73 86 84 47 79 2 68 44 37 14 93 73 22 37 31 55 7 43 15 65 67 72 42 55 39 47 12 53 28 50
54 22 16 24 91 75 53 83 35 21 55 62 10 63 40 45 92 36 43 74 74 44 84 61 73 82 88 19 46 87 29 71 9 41 20 33 10 30 56 11 17 64 37 32 57 14 55 59 10 33 5 67 90 63 42 99 42 84 53 91 49 15 34 69 55 43 28 26 34 68 2 12 44 97 60 79 7 9 26 52 79 13 11 43 37 89 97 19 35 20 14 25 21 17 12 5 39 91 0 51
38 63 11 63 27 44 67 14 68 29 82 67 3 89 84 82 11 13 45 78 86 91 70 63 95 93 59 94 21 40 26 23 70 6 31 61 61 17 43 8 31 56 54 47 69 57 25 68 9 8 45 73 17 71 99 67 13 8 0 10 95 37 36 83 82 96 29 5 20 59 40 34 69 13 34 43 49 29 76 38 54 55 27 11 98 58 85 33 54 18 9 97 48 37 57 93 63 37 67 81
93 53 48 67 60 58 11 88 54 2 13 57 89 58 56 25 76 22 96 30 56 20 16 96 38 75 47 64 15 15 36 50 65 90 59 40 5 15 1 70 77 70 0 18 99 85 68 73 50 22 41 32 8 76 89 21 34 51 33 87 24 93 86 90 76 85 87 70 16 9 62 13 13 89 80 42 96 76 42 18 18 19 0 5 69 44 41 75 75 33 48 64 93 17 56 56 37 84 23 24
99 71 70 75 94 5 71 22 79 90 26 9 63 63 0 13 51 39 66 73 81 22 91 41 77 24 19 66 15 88 62 48 55 11 30 51 62 79 57 95 93 23 13 10 86 38 53 49 44 59 60 25 73 13 16 65 99 44 14 63 12 76 53 99 20 85 82 73 39 93 15 97 64 22 85 11 22 67 30 52 94 49 16 44 15 90 43 8 97 35 15 25 92 86 79 9 19 20 46 17
60 56 36 44 67 84 61 78 81 42 3 74 25 72 48 15 30 75 58 41 52 90 14 69 29 72 10 59 56 48 20 45 78 44 61 74 24 34 94 43 0 72 24 66 40 44 25 87 93 72 87 27 84 91 1 84 15 58 96 83 30 20 29 22 56 96 72 51 64 24 86 34 89 60 55 32 55 90 15 13 46 28 64 67 36 22 0 66 33 5 54 97 75 68 38 8 46 62 61 67
28 48 96 77 56 40 51 57 23 9 52 69 49 83 88 67 78 58 58 25 54 14 50 54 79 99 22 66 6 25 98 90 82 13 27 9 52 5 57 17 46 40 16 2 90 28 11 11 45 12 42 33 82 31 41 94 78 4 28 1 19 50 21 80 57 66 68 61 91 56 27 78 24 18 25 62 83 29 52 52 44 47 8 75 74 74 30 67 89 80 75 87 54 58 39 31 47 21 34 70
68 36 32 41 92 35 51 19 80 1 97 42 23 61 0 91 74 40 17 8 45 74 43 18 80 69 30 99 19 13 59 71 96 60 98 62 53 43 21 66 16 55 23 96 4 20 62 2 50 77 51 63 87 84 90 87 23 95 60 18 83 42 38 45 27 7 30 83 5 63 78 92 88 7 85 46 33 68 90 77 50 76 26 24 63 20 4 51 39 19 37 34 31 47 13 13 60 32 69 59
58 96 55 80 98 1 68 60 77 59 18 71 78 16 7 87 42 69 22 68 48 93 87 31 89 44 5 48 86 49 18 79 67 22 77 70 70 46 1 12 66 80 24 18 95 99 32 54 94 95 26 88 76 78 58 25 59 48 10 1 67 7 61 62 63 75 64 73 57 87 46 31 82 22 30 44 45 85 81 74 46 49 96 82 41 73 70 25 43 36 22 73 83 65 32 38 38 38 20 70
75 97 54 2 60 12 13 82 42 78 17 24 85 43 83 72 26 66 56 35 98 30 72 71 68 89 23 10 74 2 65 96 37 89 58 51 37 99 18 83 34 39 53 62 17 53 74 66 75 41 36 2 44 12 82 73 18 0 70 37 97 41 67 40 75 16 38 6 80 41 75 24 84 61 79 67 72 12 3 65 76 59 50 33 79 94 39 78 1 84 77 99 44 74 35 62 6 61 47 35
2 92 3 70 99 69 83 17 29 76 56 77 77 71 31 1 18 36 56 11 12 93 0 51 67 28 90 45 91 84 41 80 93 84 13 13 23 64 54 49 72 84 21 60 48 1 52 10 63 98 23 78 36 45 55 20 78 33 57 67 9 26 20 89 98 3 71 72 48 47 81 0 22 55 26 26 27 80 90 10 18 41 68 16 68 40 31 20 38 17 23 52 74 28 95 35 63 0 36 3
78 15 39 11 47 95 56 91 57 28 95 71 26 94 8 40 43 81 84 48 49 20 71 72 52 4 4 21 47 38 1 26 5 35 7 1 58 56 24 48 68 37 7 5 45 18 99 37 85 55 28 95 36 27 72 58 97 76 51 23 47 28 56 0 58 6 75 60 1 86 70 44 14 30 46 20 7 21 75 48 74 36 69 76 39 20 80 92 17 57 31 24 34 25 63 14 88 30 46 84
2 96 90 43 5 99 60 54 1 50 44 83 14 33 42 66 88 49 27 64 6 27 64 45 31 4 90 37 68 20 83 20 69 77 49 3 41 43 20 11 76 77 48 51 5 42 81 69 38 21 70 64 15 75 99 38 97 27 82 44 68 58 73 5 50 1 78 89 42 9 51 55 65 56 83 96 83 29 56 57 90 63 72 42 50 30 15 47 8 35 70 70 74 2 35 9 90 58 90 60
33 4 89 39 9 30 27 58 9 25 15 73 75 94 66 11 61 64 13 4 79 4 81 70 98 89 74 80 33 24 39 84 79 45 40 31 70 32 94 99 85 40 77 23 22 15 53 23 0 86 78 60 28 50 2 83 46 8 82 14 38 63 73 51 29 88 50 14 56 59 39 90 99 28 13 45 47 52 21 56 79 23 58 21 17 80 32 97 12 82 27 31 25 21 37 50 71 9 60 61
33 82 85 75 97 29 56 77 78 40 12 60 75 40 74 63 74 42 72 33 70 85 38 46 72 16 96 63 57 81 5 36 61 8 11 25 18 50 96 82 94 73 18 13 29 97 57 44 12 55 24 80 75 11 86 80 73 4 88 17 21 70 38 85 46 13 19 20 37 3 87 87 85 8 16 47 21 13 47 23 4 62 21 12 65 88 86 91 8 86 93 65 63 25 97 35 5 62 76 75
84 47 43 24 9 67 42 43 30 68 15 12 0 30 27 80 50 3 3 51 20 51 60 23 21 25 76 59 88 22 92 19 30 17 39 63 33 52 65 58 29 52 97 17 22 87 63 82 1 83 86 28 35 40 59 77 87 9 3 43 24 63 53 60 55 89 66 43 71 41 64 62 33 70 27 32 74 97 58 2 23 58 12 30 78 98 36 28 93 43 51 21 40 6 80 94 28 31 19 48
33 74 7 56 42 66 47 57 99 10 58 90 46 93 6 60 18 71 9 58 38 6 44 80 85 38 81 18 34 94 43 66 83 3 79 34 68 17 2 84 66 77 33 30 92 39 57 79 61 67 2 87 51 10 16 68 35 80 85 27 11 0 91 93 73 78 46 25 14 51 76 49 13 97 85 11 15 37 59 21 19 76 32 67 95 65 92 78 80 79 49 57 36 71 11 95 13 65 42 66
57 84 20 97 17 81 40 83 8 9 87 63 68 50 28 88 36 37 96 91 10 60 40 16 60 78 94 30 27 91 28 38 28 18 35 86 14 20 46 91 70 4 40 79 92 2 58 84 77 1 49 29 17 49 35 74 9 59 81 21 25 8 89 31 45 91 72 48 88 4 4 36 77 65 99 23 28 64 75 98 49 71 47 73 89 92 10 13 87 32 8 76 69 86 21 35 92 24 6 61
51 42 2 31 2 27 94 80 55 69 76 8 67 39 77 92 47 84 55 71 54 4 54 79 95 71 27 85 52 6 10 24 33 38 7 99 96 41 13 36 81 64 22 50 42 85 10 35 64 45 82 92 25 97 49 75 47 92 68 98 9 62 51 45 20 83 75 83 27 44 47 39 49 1 63 89 68 46 68 28 74 58 71 77 26 45 12 88 76 49 73 34 16 67 8 52 26 12 90 88
11 24 5 29 56 31 17 54 4 82 80 9 13 66 84 68 90 73 14 88 87 3 83 69 25 61 59 69 44 85 43 28 87 73 18 50 69 66 72 89 56 28 70 20 74 43 10 89 48 88 38 76 12 56 2 5 30 83 60 21 84 81 29 54 5 9 53 4 29 29 23 45 24 17 72 95 87 45 87 15 60 36 42 89 43 70 72 59 21 99 95 20 2 1 14 28 76 10 10 29
82 77 32 46 13 79 10 66 39 6 40 88 84 59 56 13 78 0 17 99 37 88 9 78 97 28 35 25 79 90 76 13 18 86 74 33 4 86 5 41 95 75 84 32 2 14 53 68 24 95 81 91 86 82 2 67 6 79 97 86 77 19 0 32 51 71 4 89 99 1 16 81 47 27 12 45 95 34 3 88 96 25 72 38 4 22 92 60 93 89 32 22 21 35 24 17 75 20 74 57
47 50 28 86 38 95 64 89 22 56 69 5 31 9 15 66 30 92 85 50 47 64 73 41 70 15 95 55 55 57 98 74 49 12 37 43 64 57 93 4 52 92 94 71 80 50 34 41 39 39 73 97 5 51 57 91 18 85 68 63 36 61 15 56 6 37 64 26 80 98 61 97 30 35 99 22 56 52 36 90 64 9 29 16 4 26 53 16 43 29 35 95 73 3 22 79 97 19 70 63
91 6 17 82 27 26 45 96 11 92 54 34 51 7 94 91 18 33 21 89 58 17 15 42 17 10 90 49 64 50 84 64 45 78 31 73 22 3 20 12 44 92 52 58 31 98 13 12 54 80 97 36 4 7 64 99 18 65 13 61 72 0 53 97 6 95 22 23 75 39 22 11 53 70 43 30 96 71 87 4 27 36 20 80 65 35 53 90 35 68 16 52 29 25 77 53 0 2 80 23
58 65 10 17 39 92 59 40 46 67 58 71 81 33 8 66 97 84 73 44 49 25 50 91 69 28 14 63 59 96 49 5 81 22 77 93 45 15 10 96 44 89 40 84 54 37 2 1 77 27 69 28 26 46 36 96 27 11 27 42 42 56 79 14 99 98 65 30 61 95 73 38 41 85 50 77 21 37 1 73 53 58 49 6 24 2 51 37 59 18 62 67 17 27 32 98 51 55 26 70
97 57 83 56 75 37 54 98 12 26 56 24 28 33 45 47 96 1 42 87 43 92 50 77 37 3 36 2 92 28 5 12 86 66 18 60 92 40 95 77 67 53 89 66 37 96 87 69 32 3 2 31 16 78 48 23 61 40 81 60 97 74 36 61 0 60 0 81 38 99 22 49 90 28 82 78 9 48 59 59 60 35 51 69 91 14 55 32 17 44 91 17 83 35 36 3 41 36 55 93
90 30 54 14 56 71 76 12 97 66 32 30 60 92 85 44 34 96 41 92 74 65 13 68 20 0 65 6 20 67 25 29 52 42 40 73 60 32 47 69 7 74 28 57 77 0 77 24 54 89 27 25 97 17 92 2 92 68 51 90 60 9 51 20 59 3 12 39 67 78 84 99 23 91 95 93 92 25 15 57 70 13 29 55 86 84 99 70 55 14 30 99 21 8 12 72 58 16 28 8
93 90 52 80 3 4 47 50 94 72 2 31 15 61 88 85 31 18 54 41 9 38 29 16 58 72 17 14 15 13 7 44 31 77 98 16 40 72 90 86 9 9 22 30 57 76 50 95 54 46 5 22 90 50 33 27 78 49 94 31 81 60 35 26 23 4 34 87 66 19 68 95 26 25 92 23 44 45 47 5 67 16 95 10 73 17 92 2 73 68 19 26 85 82 20 37 23 87 75 4
8 71 41 36 51 75 88 49 30 3 44 38 6 81 69 1 24 51 32 32 42 3 66 59 16 9 69 32 19 37 53 90 34 99 72 53 69 45 95 69 69 47 67 82 23 92 63 77 22 88 0 55 3 37 71 24 49 97 18 1 1 11 91 68 99 80 55 6 87 81 5 54 65 93 54 84 43 9 35 65 41 14 81 80 69 10 93 78 48 58 74 8 5 21 32 67 61 6 4 40
40 89 93 20 60 37 14 90 85 66 16 54 75 70 69 88 76 78 62 22 44 94 46 87 8 37 41 58 94 48 74 72 84 37 9 83 41 11 82 32 73 98 15 2 92 88 1 87 45 36 43 43 49 58 9 21 82 22 37 37 31 17 69 13 72 92 15 34 18 15 60 77 1 87 92 15 88 94 73 24 45 5 55 2 46 46 51 81 84 71 73 61 29 44 57 86 57 45 67 22
91 40 93 85 44 71 94 37 27 29 92 28 63 19 77 31 35 81 48 39 59 72 65 5 68 17 92 22 47 33 15 80 46 22 81 11 35 29 45 78 78 24 16 41 44 39 10 51 1 34 68 11 52 20 85 68 90 19 59 89 33 90 2 96 51 70 22 45 25 15 9 13 50 40 38 36 41 98 99 31 20 78 27 28 87 24 4 39 84 57 28 93 73 58 80 8 73 9 81 86
95 8 7 35 39 91 80 47 86 97 80 12 79 75 12 63 46 40 69 66 54 85 19 75 47 79 65 62 77 7 67 30 41 48 72 38 32 59 29 32 69 67 95 72 6 27 28 69 90 40 79 62 36 13 76 31 37 19 18 72 11 21 71 45 3 77 79 47 90 98 94 73 86 16 47 98 1 88 88 52 82 32 30 71 92 0 11 3 9 71 0 33 37 93 58 68 63 69 10 10
74 93 13 11 21 81 27 36 22 26 50 1 18 73 97 90 35 96 89 0 6 86 18 60 92 48 90 22 75 4 80 1 54 41 87 99 47 80 56 71 21 38 61 63 84 49 36 30 98 66 6 84 18 71 0 58 43 32 79 90 32 50 63 43 1 20 97 22 43 73 33 93 93 93 96 85 71 91 81 45 27 48 75 55 1 68 10 7 18 62 15 34 5 68 87 21 25 69 16 13
1 93 88 56 90 57 42 36 49 57 65 17 13 83 94 38 20 78 84 21 83 62 85 97 53 69 77 84 23 25 5 56 34 64 30 86 34 60 81 72 54 57 97 72 71 96 63 57 8 32 8 5 30 99 8 31 2 10 71 69 50 19 26 88 43 52 58 15 25 97 46 9 26 73 83 41 44 46 49 3 40 1 83 23 28 15 63 37 3 40 61 3 17 15 44 19 85 21 8 5
61 40 85 39 77 85 72 96 75 87 91 92 62 44 93 0 91 80 66 64 82 35 96 22 91 95 93 60 26 42 33 58 55 1 40 32 5 35 50 64 79 1 30 10 48 16 71 36 40 42 46 73 99 33 89 13 1 44 91 34 28 55 32 43 24 21 11 2 97 4 33 42 18 73 5 9 64 84 70 87 8 4 27 11 36 31 88 78 61 44 10 20 99 87 18 12 38 60 33 10
77 28 40 45 30 65 31 18 82 86 60 78 92 88 70 41 47 49 5 43 86 8 35 56 48 50 35 93 13 95 77 40 16 76 99 99 49 10 79 25 19 9 2 67 15 94 57 74 78 87 36 82 56 30 17 33 52 90 12 30 12 39 1 38 73 16 61 6 71 16 78 51 41 42 22 32 45 42 76 42 4 63 32 94 19 39 94 29 34 81 32 54 42 4 9 38 58 4 44 48
78 81 93 41 25 73 76 12 41 52 71 67 82 0 2 55 0 58 43 95 3 53 37 46 80 33 71 67 91 5 71 11 75 71 62 70 52 77 79 19 65 80 30 50 23 25 11 11 27 78 96 11 50 40 27 17 35 10 86 82 44 84 31 28 41 27 85 54 44 40 80 33 60 74 92 69 61 54 54 13 95 68 34 73 1 49 58 0 36 50 17 69 11 83 32 62 25 5 81 16
4 70 30 12 8 81 22 99 87 28 45 92 0 65 21 55 81 50 81 98 64 53 18 94 67 51 40 41 38 84 21 17 42 80 8 36 95 71 23 80 7 99 46 4 4 99 24 85 3 64 75 40 26 41 58 93 13 24 51 30 62 8 36 37 5 76 89 59 60 25 23 6 87 71 24 36 11 2 67 63 82 98 34 24 84 70 82 47 34 57 2 32 31 80 23 39 0 75 23 63
18 37 36 67 20 10 72 86 49 65 84 66 62 41 19 63 73 95 32 22 25 18 64 91 5 35 11 9 27 0 20 83 41 73 12 9 96 96 48 53 18 81 46 89 36 28 35 88 24 66 4 57 3 13 76 8 76 92 12 74 86 38 60 85 42 82 94 53 38 47 32 30 19 46 61 43 48 30 15 57 73 48 44 1 49 70 29 31 53 82 3 6 22 34 57 12 32 66 55 42
96 42 16 93 7 27 14 19 6 8 5 29 91 73 52 72 37 99 82 98 59 52 37 97 95 87 94 25 4 80 11 45 88 86 50 22 50 96 53 73 26 63 53 51 47 30 73 24 49 40 74 42 24 68 67 93 63 4 69 54 91 40 23 74 14 62 63 20 34 53 71 23 77 2 26 0 29 22 3 98 9 56 27 91 71 40 69 63 13 20 48 27 7 94 3 51 86 24 27 65
4 81 10 25 59 49 77 48 48 26 81 74 61 14 85 64 97 15 41 50 49 99 21 62 10 37 79 21 22 72 60 27 18 73 25 87 65 46 66 0 79 80 14 78 21 78 14 63 43 82 12 99 81 37 70 76 67 21 72 69 61 21 23 75 70 11 50 17 57 45 48 88 65 12 49 62 36 87 97 76 64 88 52 59 52 94 46 82 86 69 75 27 97 67 35 41 89 81 1 38
33 59 19 46 53 62 80 91 74 83 62 90 5 1 44 78 23 30 85 68 9 8 39 63 44 14 59 19 13 82 47 94 98 40 30 14 93 82 18 83 45 55 56 4 72 65 62 22 39 72 21 45 76 24 19 40 3 47 78 76 57 34 65 98 52 69 81 45 35 15 46 8 14 83 58 30 97 38 44 26 95 90 91 23 70 65 97 58 13 35 40 91 62 75 23 71 82 44 16 29
47 25 53 22 86 43 87 28 86 16 36 84 90 58 85 22 24 1 54 25 69 30 53 43 48 11 42 69 68 15 27 88 11 25 77 11 46 84 4 84 1 0 97 66 69 32 42 81 68 46 30 99 42 76 94 4 4 80 0 19 3 80 31 92 16 62 31 75 3 76 84 82 90 88 0 52 84 3 97 48 1 35 31 18 8 30 6 4 21 67 18 41 77 53 98 42 67 82 42 37
18 46 50 59 46 18 90 90 70 57 4 75 85 34 46 7 7 22 37 88 29 17 39 37 99 8 91 2 36 89 4 12 29 65 12 30 16 20 84 94 8 77 23 68 17 98 85 17 44 21 90 55 37 88 0 18 16 17 67 25 36 78 14 36 59 70 42 40 67 11 28 45 80 56 42 77 37 38 19 61 54 90 18 44 23 64 66 64 2 32 41 68 20 92 43 74 27 0 68 64
32 45 15 15 57 39 17 61 97 72 91 17 62 57 19 30 60 41 77 12 98 4 71 33 56 48 51 15 0 65 1 80 40 29 76 81 62 65 8 51 44 55 89 20 16 48 20 38 46 59 70 17 75 53 19 18 26 95 12 9 68 58 37 23 95 76 87 73 82 84 33 58 77 60 15 4 28 92 16 19 18 98 51 29 37 98 89 80 12 66 35 42 6 46 51 38 96 80 19 43
85 84 39 57 57 8 47 33 18 36 64 87 44 93 4 67 14 71 55 16 37 96 29 29 74 15 32 61 42 42 17 4 11 85 72 15 80 24 62 70 37 23 0 57 56 2 71 5 24 48 73 39 38 99 55 97 4 30 26 71 89 38 41 58 53 58 11 27 65 96 12 10 34 14 97 91 44 8 55 9 72 4 57 13 45 24 81 90 96 3 58 93 28 57 98 20 36 12 39 91
78 2 63 81 7 70 39 81 51 77 17 96 64 17 91 92 81 62 86 60 28 7 90 11 79 54 54 13 66 82 8 95 1 73 19 42 31 1 82 16 86 52 8 55 44 43 40 22 81 63 61 99 69 10 89 14 80 19 72 1 99 55 61 81 30 4 26 34 78 57 47 53 67 37 83 5 79 72 34 51 95 96 18 13 31 23 55 81 40 82 35 47 4 79 74 60 79 68 96 23
68 68 30 77 4 95 82 52 35 15 30 0 1 51 83 55 25 7 76 88 59 1 29 39 3 83 53 89 8 44 15 52 17 80 58 18 26 7 44 94 53 62 67 53 70 7 36 49 26 30 4 97 32 14 4 70 20 80 61 3 72 36 1 28 23 18 96 1 86 93 11 81 29 58 71 13 68 20 63 61 23 33 97 26 32 35 40 84 95 84 8 94 20 14 87 96 50 98 83 87
67 15 23 22 13 1 47 1 0 28 33 6 27 6 26 78 22 12 0 29 14 54 48 54 30 79 41 4 73 22 64 88 83 95 15 12 76 47 28 0 61 94 75 84 19 99 92 75 1 13 17 2 26 25 75 91 76 68 92 8 47 68 43 80 79 17 67 55 14 13 50 65 40 95 18 19 49 63 6 88 15 15 58 10 24 45 1 54 56 45 34 58 78 69 60 38 28 80 33 2
4 33 69 90 45 7 87 39 15 96 23 19 68 17 86 81 56 52 81 36 85 22 17 86 21 3 45 4 94 60 59 72 8 33 20 31 30 83 46 66 83 54 63 93 53 81 13 99 64 52 1 37 1 46 23 86 83 81 32 70 44 23 70 48 10 47 32 1 51 90 25 3 31 9 36 86 66 97 92 19 40 72 96 92 86 16 68 91 82 94 8 6 0 68 98 80 43 28 65 50
85 78 43 18 72 53 21 24 38 20 18 65 21 90 11 61 75 65 41 52 20 18 7 9 89 47 32 21 47 83 96 40 56 23 26 14 47 40 39 38 33 6 67 92 99 43 61 0 72 76 91 17 92 86 34 23 61 68 25 9 79 48 62 35 54 18 49 2 3 70 17 39 36 96 58 46 0 15 41 50 34 26 42 67 88 12 1 51 22 50 67 62 52 27 31 82 29 80 16 35
47 81 78 35 88 46 76 49 41 12 10 93 0 67 20 34 18 47 8 25 77 59 48 28 46 41 76 64 70 42 68 7 45 47 40 67 48 88 59 52 54 47 55 39 92 51 4 1 98 76 60 9 27 9 49 2 65 3 57 27 52 90 32 89 90 30 22 44 24 0 72 19 7 9 74 94 69 89 40 67 79 51 18 72 8 33 33 8 86 86 49 58 2 9 66 67 83 14 51 35
49 65 34 32 97 38 3 14 67 58 25 19 3 38 34 60 88 51 70 56 47 27 6 62 4 63 54 33 31 64 9 21 18 18 34 10 17 27 22 97 95 9 90 67 77 78 25 1 35 13 17 34 47 27 92 21 30 70 38 17 75 75 88 23 26 29 33 3 32 97 97 60 63 92 29 67 88 81 78 22 14 44 51 97 16 84 5 40 96 32 24 19 37 31 79 40 28 2 98 21
78 72 38 82 83 1 23 27 87 53 24 90 25 81 20 15 44 93 77 50 78 15 22 0 12 23 57 18 22 81 44 61 15 54 48 56 21 20 41 52 95 89 30 22 47 44 98 28 29 85 58 96 66 28 92 94 54 60 5 52 88 75 20 6 70 45 89 35 14 69 79 18 33 55 7 98 82 53 87 77 74 34 57 73 2 42 88 55 27 1 65 65 68 30 46 82 31 22 26 34
50 86 69 89 18 16 83 78 32 44 57 67 81 29 63 53 37 4 17 51 15 42 53 95 74 19 82 45 19 65 76 95 31 91 94 28 12 74 27 90 58 41 71 22 25 49 33 49 44 45 94 17 26 59 75 33 84 63 87 68 71 85 77 71 1 66 19 32 32 0 65 9 78 25 52 42 58 78 79 79 51 4 90 9 78 96 63 80 55 19 63 92 55 65 74 8 79 29 66 22
37 72 47 82 2 35 6 78 6 98 95 16 43 61 95 1 51 75 19 67 87 88 31 72 14 49 5 31 22 58 96 69 21 9 47 50 58 3 4 0 97 43 37 71 64 86 15 93 68 15 55 33 69 67 17 76 54 99 43 42 28 54 73 45 14 81 54 28 0 76 72 15 62 47 44 50 32 35 37 67 22 28 81 63 20 76 78 66 14 10 97 66 87 14 9 63 86 42 89 24
99 55 79 49 46 69 30 24 91 11 12 53 90 78 77 56 78 71 65 40 87 68 97 60 22 6 99 26 6 42 28 55 65 86 64 70 4 42 89 11 94 7 19 13 54 90 97 2 16 45 0 73 74 74 0 68 52 71 36 80 7 95 86 78 16 22 26 88 9 26 28 90 5 24 64 10 86 3 23 42 51 23 93 49 53 29 7 47 31 70 58 32 50 49 64 27 60 42 92 84
16 90 49 36 89 56 70 20 0 84 18 69 27 95 90 33 40 83 45 78 54 15 94 3 57 34 52 58 64 58 11 28 26 11 81 56 30 29 52 91 50 24 70 11 48 51 77 83 76 1 55 48 71 49 89 72 59 44 88 26 23 72 63 17 52 37 54 75 77 7 44 68 44 6 18 29 99 72 41 90 5 97 81 24 65 37 59 82 29 89 24 15 63 21 64 49 68 69 32 35
67 97 89 8 42 57 66 2 36 62 91 74 42 98 57 72 67 87 96 38 7 18 92 40 62 19 35 57 7 82 11 26 92 41 38 79 60 48 19 56 74 47 66 51 65 55 15 16 81 48 81 16 45 63 86 73 54 13 37 78 57 13 11 64 18 65 61 34 14 75 16 85 71 28 31 61 28 68 84 82 8 39 93 31 58 43 5 6 34 58 44 74 98 4 87 48 31 16 75 48
48 73 37 9 40 23 88 85 34 64 84 59 86 5 1 8 10 33 91 11 61 39 8 39 92 50 31 17 85 9 46 96 95 58 78 59 38 34 68 24 97 54 44 6 39 38 85 83 13 3 75 98 83 99 39 58 15 76 1 70 40 24 94 5 27 40 95 62 64 23 55 19 84 98 70 85 78 24 6 76 44 47 39 27 34 22 68 22 59 61 69 33 2 54 35 12 65 49 62 63
11 91 53 10 91 61 12 78 45 44 76 17 11 64 60 43 75 74 56 85 63 83 97 86 35 58 20 19 87 11 96 47 24 11 86 40 17 10 52 88 7 16 76 86 96 31 54 45 96 58 7 8 7 76 32 15 85 95 71 17 41 7 98 66 84 26 70 42 16 52 44 86 48 36 4 87 87 75 36 54 89 31 80 44 60 96 7 66 68 23 35 68 12 28 44 31 16 44 34 82
29 22 71 84 12 53 27 81 81 63 90 98 16 13 17 73 67 52 21 25 72 48 35 71 35 90 71 12 89 12 42 47 23 15 96 0 40 47 4 12 33 3 92 82 86 61 92 64 16 41 29 35 75 2 68 20 1 75 5 32 60 58 58 47 91 17 66 41 14 6 31 43 6 89 39 13 9 10 40 6 27 6 4 21 66 50 33 46 85 74 6 68 9 97 28 1 16 87 69 7
86 84 64 71 23 99 99 71 8 26 61 7 67 51 10 79 2 41 77 14 28 52 42 6 82 87 46 25 9 39 66 42 56 26 66 96 78 48 97 40 42 28 50 10 63 71 68 98 72 36 98 28 87 42 98 97 78 3 84 46 24 42 91 83 97 7 94 48 68 60 63 34 41 96 82 2 22 1 7 56 1 81 72 67 68 85 62 2 26 1 9 10 50 14 10 62 98 58 37 39
85 38 33 92 16 84 54 53 71 26 58 81 2 50 59 76 2 51 58 45 70 10 57 96 20 7 18 91 56 68 73 46 89 10 27 96 83 96 61 42 3 89 79 92 91 54 92 97 54 96 88 0 66 80 62 77 75 57 55 49 74 18 74 55 87 25 67 54 86 41 2 88 93 68 76 43 80 55 85 72 76 52 0 8 58 46 25 60 97 3 43 56 13 6 70 64 17 66 22 26
98 36 53 8 48 72 1 43 98 58 28 24 78 18 52 25 3 98 66 8 69 93 42 69 4 17 71 77 47 19 24 18 46 97 61 87 69 10 41 84 70 22 97 35 51 9 7 16 62 59 42 66 63 57 55 77 41 10 18 96 50 74 87 17 91 12 41 13 37 9 59 20 35 64 41 61 63 69 65 94 97 55 7 49 95 83 16 3 60 13 10 19 68 89 40 3 94 68 60 53
87 67 25 38 64 47 38 17 28 37 51 32 30 12 50 41 23 22 75 66 55 24 4 4 0 98 72 13 0 50 40 66 56 57 16 16 37 50 95 65 95 25 79 81 35 44 39 31 39 18 37 47 56 59 81 24 71 50 42 6 52 22 26 24 81 88 23 96 94 66 67 50 32 77 67 30 65 37 65 34 83 43 74 92 65 42 31 69 64 34 38 2 2 25 71 24 82 15 62 25
63 55 20 80 73 10 89 56 67 40 28 64 37 56 92 4 0 95 53 8 37 55 2 17 47 11 43 38 39 7 99 96 62 43 80 43 14 48 53 30 99 3 40 15 13 98 41 32 19 75 82 95 28 49 78 94 52 8 21 53 9 64 45 9 22 97 6 28 19 10 96 28 89 14 26 31 49 27 41 26 47 62 43 86 63 76 51 9 93 4 57 18 59 23 3 30 67 70 4 32
86 65 93 27 15 60 46 91 8 96 57 61 45 63 73 37 63 87 65 59 68 5 60 9 18 93 52 31 24 9 69 48 79 51 24 56 81 27 98 23 34 14 41 9 34 12 6 28 25 23 64 55 31 13 91 56 68 76 88 45 93 18 70 70 60 59 98 54 29 60 36 94 83 45 48 19 95 3 18 16 59 75 17 2 64 41 22 46 26 95 35 15 42 59 21 88 84 66 91 56
73 36 58 1 41 94 62 8 40 50 22 36 28 75 2 0 51 50 15 79 62 70 65 95 28 77 38 62 11 52 50 77 91 7 72 77 96 85 22 13 20 52 47 87 11 74 83 36 40 18 80 83 69 27 12 95 57 16 27 93 25 37 49 0 19 55 94 92 44 91 7 3 97 5 3 91 86 91 37 24 13 75 41 25 82 91 5 97 48 18 40 2 36 78 16 18 0 21 35 15
75 22 47 98 65 5 41 33 43 59 76 85 7 97 44 87 26 50 98 82 77 94 57 56 2 27 60 78 93 88 94 32 80 39 39 36 20 29 89 85 24 22 72 31 53 83 28 90 96 3 91 13 93 84 67 79 64 69 71 67 54 95 79 95 14 73 16 26 42 39 81 64 82 4 81 45 42 71 24 74 10 50 75 77 20 23 81 55 60 96 21 0 70 34 63 72 81 66 51 91
97 16 33 72 47 86 74 33 28 21 1 75 92 71 45 5 20 45 5 93 0 9 18 5 85 31 74 46 12 0 47 36 29 23 86 59 76 5 10 74 4 69 47 57 95 61 13 11 83 15 47 62 85 9 89 82 87 63 48 30 53 49 29 76 82 70 63 69 40 87 20 83 80 90 34 66 15 63 61 45 1 81 92 34 31 43 68 64 37 51 67 72 28 9 30 7 38 62 25 71
16 53 32 72 29 28 92 49 7 1 27 26 79 22 6 59 15 33 10 20 49 67 13 36 32 31 84 43 30 97 5 82 12 14 51 83 98 34 77 54 45 40 9 36 32 90 2 27 73 40 88 14 66 38 89 56 28 1 31 31 21 27 86 71 90 52 54 21 37 59 3 1 90 5 66 85 5 81 33 51 67 70 1 95 32 6 88 64 80 38 29 83 75 70 91 80 51 39 79 55
18 71 40 31 21 18 63 90 77 77 3 71 55 40 22 59 55 31 50 81 50 28 20 31 90 53 0 0 14 41 14 2 8 63 3 14 75 21 8 48 21 74 21 56 33 74 17 73 29 46 21 26 25 4 74 9 62 24 40 13 31 18 56 63 0 61 41 61 73 21 46 80 86 36 60 6 16 97 55 49 62 58 89 95 23 81 30 71 36 72 32 9 28 69 74 39 1 77 67 47
20 59 14 47 2 98 85 80 20 84 15 29 85 37 82 93 57 63 85 4 92 67 92 5 37 31 4 83 59 84 25 49 5 74 52 82 71 15 45 80 28 72 84 27 40 73 57 83 73 9 38 9 96 12 38 26 10 9 33 89 80 14 95 62 4 3 53 20 16 91 32 82 69 77 53 57 76 38 86 71 60 76 50 92 18 12 24 9 92 40 95 43 40 25 77 15 59 0 28 51
44 76 61 25 56 47 56 58 53 7 4 43 20 65 42 16 71 24 58 26 73 69 32 86 68 44 69 5 23 34 16 28 44 90 49 25 91 36 88 55 16 70 17 52 87 74 81 69 83 83 47 6 22 87 75 88 70 80 57 29 25 69 58 37 81 37 46 7 66 10 22 66 32 87 97 95 42 48 56 55 24 99 88 58 54 54 68 89 81 97 36 13 37 78 39 20 66 13 16 13
4 62 24 18 5 86 4 42 36 40 21 35 66 40 12 26 84 59 37 32 15 28 72 2 32 92 70 91 7 72 41 42 10 57 99 60 1 4 91 63 55 17 68 54 49 76 61 91 36 75 97 87 20 19 16 91 62 0 25 43 1 5 41 32 0 93 24 96 19 63 43 91 61 41 49 90 18 18 9 16 3 36 19 45 97 76 92 31 37 25 81 11 67 78 93 12 21 82 52 29
8 30 45 30 78 81 68 38 73 77 29 66 65 55 61 21 56 11 12 23 12 32 45 56 29 22 67 39 50 8 53 8 37 72 8 17 36 14 83 63 53 47 99 75 83 79 57 81 69 39 81 63 51 96 20 51 33 20 62 12 16 48 38 91 46 10 32 18 93 80 52 68 68 32 59 59 41 3 61 37 93 8 92 16 93 17 42 95 36 78 36 93 78 83 50 13 71 97 90 63
3 93 48 30 67 69 48 30 94 83 51 19 84 97 51 80 42 67 96 25 77 98 25 56 7 35 66 59 62 84 68 0 80 31 94 99 13 91 20 72 58 93 44 96 47 96 59 2 83 81 82 93 18 78 23 75 50 58 33 76 79 7 91 30 0 56 30 98 55 87 6 5 22 29 93 45 21 12 46 11 15 55 1 18 22 44 38 59 31 3 93 22 15 25 10 91 0 79 3 13
71 63 44 65 2 98 51 4 16 74 74 14 63 7 28 9 36 16 17 88 18 2 15 89 58 61 75 6 78 2 0 5 43 84 62 59 90 61 96 67 89 62 65 39 26 2 36 6 81 46 26 56 73 75 51 75 97 81 50 60 57 98 8 93 10 7 81 71 47 63 85 46 40 97 87 34 94 50 87 54 88 13 64 70 31 10 5 25 57 86 92 93 17 78 76 11 31 90 69 70
75 10 65 81 96 18 1 97 86 37 54 1 92 54 6 77 66 27 83 89 62 37 52 35 7 94 87 75 6 11 41 79 1 49 39 25 41 6 7 78 57 7 42 70 69 92 47 11 27 66 85 92 67 87 41 85 33 49 95 61 19 76 42 40 38 74 63 34 62 13 90 48 87 58 65 27 56 54 95 38 54 91 18 12 89 82 47 79 27 80 22 6 1 24 0 55 25 75 7 64
27 24 96 62 9 51 80 30 90 64 77 40 73 99 33 29 33 87 63 24 72 34 89 79 33 26 54 45 97 28 4 22 87 63 21 79 75 64 55 18 61 64 99 27 66 76 82 12 38 51 52 28 68 14 41 61 82 16 63 58 41 25 19 95 3 73 96 78 73 39 20 41 23 63 64 29 96 47 82 56 70 62 2 27 73 94 93 91 48 95 0 2 22 62 5 16 58 52 63 56
87 42 35 23 76 8 55 89 69 59 25 75 6 64 48 71 26 66 52 87 81 43 83 79 31 12 15 92 84 36 23 41 77 7 61 0 43 35 84 43 51 97 25 7 33 20 69 5 83 73 80 87 58 50 64 67 91 90 82 43 99 10 43 74 17 56 10 2 1 35 12 10 48 70 15 16 14 1 53 64 7 33 15 82 12 72 90 42 86 76 96 37 70 63 68 28 61 24 73 76
69 28 37 63 19 63 18 55 27 43 95 29 59 99 28 28 43 10 24 37 27 56 54 56 70 16 1 33 83 71 67 41 5 94 33 87 21 38 93 51 94 87 47 78 91 31 74 54 59 71 61 11 93 69 80 32 78 79 89 42 62 29 72 84 22 92 19 8 96 13 82 91 46 92 27 23 51 36 28 95 44 39 46 57 96 3 1 80 64 95 63 94 48 31 53 65 93 13 12 27
30 54 43 60 25 23 15 62 24 57 84 12 63 82 80 97 81 54 41 16 58 99 98 35 44 2 50 13 34 38 57 13 97 27 67 19 15 59 75 42 73 98 55 50 56 4 37 37 19 0 84 50 31 99 81 7 51 16 70 49 41 30 78 1 35 34 64 64 94 52 45 13 26 85 78 24 56 85 12 75 0 82 30 5 70 22 75 24 62 59 39 53 37 41 64 67 63 75 97 78
9 82 24 83 11 7 85 87 45 93 65 23 67 86 76 8 63 11 72 69 38 67 36 73 13 42 49 20 93 65 52 12 54 56 27 96 59 20 88 24 79 47 40 40 93 76 25 59 79 12 35 34 12 10 33 9 34 89 26 2 10 30 30 34 89 19 93 95 39 85 12 78 63 10 44 99 18 31 28 83 18 97 86 12 69 35 27 60 13 83 95 21 19 25 20 16 72 46 78 48
96 60 46 82 92 96 24 66 3 93 44 31 73 82 15 3 71 78 68 0 19 91 5 98 39 97 4 35 54 77 79 12 74 86 78 15 3 71 57 85 81 68 23 85 84 91 20 98 56 14 59 52 35 52 26 83 47 85 95 78 11 88 5 91 31 66 77 29 29 45 71 59 23 72 51 72 54 4 46 38 82 40 27 9 63 90 15 69 47 30 13 85 83 99 88 37 36 33 42 37
7 70 33 58 87 53 92 56 77 4 89 86 78 37 42 49 90 95 55 59 86 11 7 25 19 94 97 35 93 76 45 88 31 7 16 10 24 8 90 26 64 62 17 40 27 66 29 27 87 29 74 97 77 26 7 55 23 91 18 39 93 65 34 77 82 17 75 99 74 36 72 57 44 96 91 53 79 64 28 7 90 52 63 64 43 95 93 25 88 51 82 20 14 16 10 66 49 64 51 75
66 27 56 31 98 78 80 23 38 12 88 3 80 23 81 13 53 71 99 25 92 19 51 16 28 5 61 96 2 68 98 38 2 59 41 10 33 80 72 77 91 34 14 40 98 7 87 76 94 44 81 34 99 61 19 87 50 31 64 28 88 71 7 87 6 32 44 55 0 30 20 32 72 82 20 39 86 49 7 97 61 90 22 47 79 64 27 57 93 30 41 11 11 22 23 82 65 67 13 26
10 12 82 16 28 36 7 22 53 56 6 80 40 83 75 27 71 87 30 36 41 40 9 58 59 46 24 51 68 65 25 69 68 27 78 44 38 76 23 78 36 80 53 64 82 24 88 48 20 62 87 96 64 17 55 83 68 78 19 22 96 27 38 69 15 91 15 75 86 45 58 47 28 91 84 63 43 99 39 57 31 19 52 68 52 66 62 27 2 62 67 77 29 53 10 61 8 69 85 65
1 3 97 51 92 69 45 38 64 84 79 29 78 8 32 71 14 27 1 51 44 85 36 46 96 71 62 11 8 27 82 39 80 6 26 34 68 45 41 57 96 10 22 9 34 28 46 0 64 55 31 43 33 28 14 44 36 62 73 30 12 62 75 33 23 78 65 8 56 90 33 35 75 46 91 95 73 21 54 49 62 5 99 55 2 81 24 16 91 13 21 18 76 12 73 83 79 34 27 99
4 15 79 32 99 47 16 23 29 19 16 54 49 51 57 51 58 45 48 51 72 76 79 8 86 24 13 99 66 23 89 44 69 2 91 92 78 5 70 92 23 46 8 33 35 24 72 76 89 96 59 72 45 52 74 3 13 84 44 80 56 76 19 56 37 78 0 34 3 3 47 79 53 38 43 66 3 7 46 28 90 78 40 42 96 88 86 22 21 87 93 44 75 72 51 59 78 3 58 53
65 92 48 99 19 11 42 4 66 87 32 72 44 60 67 69 99 21 80 74 50 63 0 23 94 65 4 76 47 6 25 52 98 57 31 80 47 82 77 2 48 45 75 71 30 44 63 31 28 79 13 58 7 54 50 77 73 99 55 47 52 46 16 78 96 66 26 0 64 75 31 41 61 33 42 29 17 81 40 18 62 44 74 41 18 96 61 35 31 52 62 40 74 31 96 8 33 71 45 28
98 63 67 94 71 90 64 64 44 3 15 20 32 18 71 96 37 5 21 8 35 29 49 53 98 15 97 52 8 66 71 39 34 98 36 72 66 30 32 32 71 15 54 93 79 30 37 20 69 26 76 55 15 72 47 91 55 66 41 48 29 11 45 63 56 30 67 35 1 16 2 18 58 54 78 93 0 95 30 10 89 5 35 7 29 47 43 96 38 71 14 33 91 35 98 34 74 9 19 3
94 99 16 27 83 8 29 79 99 31 17 4 10 11 78 3 37 17 78 49 78 69 1 21 20 97 12 70 79 46 14 68 47 56 47 43 95 10 19 86 53 66 82 90 24 58 10 79 74 36 33 24 96 53 54 75 43 21 97 65 91 46 81 43 78 92 96 68 74 11 13 8 68 1 61 28 36 35 59 2 28 31 3 83 91 93 95 51 50 88 75 46 33 68 5 59 85 13 74 94
60 44 96 40 95 86 90 44 88 55 87 59 49 6 11 98 94 11 72 28 15 61 47 37 88 95 32 53 35 84 10 42 57 50 24 15 38 63 75 25 77 78 48 47 67 68 51 18 97 36 72 1 33 62 98 35 29 63 94 37 29 81 1 53 75 68 74 81 67 58 95 29 41 80 94 83 8 77 83 30 97 59 91 21 72 76 71 61 37 39 24 43 95 65 5 60 33 20 93 60
82 26 42 53 17 45 97 68 17 46 1 82 83 9 70 11 1 47 57 16 54 76 83 61 65 45 89 50 6 8 7 73 24 78 13 38 66 45 36 65 21 91 34 30 9 23 18 52 54 36 81 18 18 61 11 29 90 40 93 0 64 62 60 52 42 43 64 56 87 29 54 53 6 1 65 78 88 18 54 6 88 96 14 18 58 78 19 70 85 85 85 6 60 18 37 79 78 18 57 25
96 75 9 74 15 90 89 91 4 35 18 1 18 97 66 67 96 80 14 76 77 59 69 19 49 91 61 65 96 63 34 99 65 84 32 6 47 7 45 50 84 93 81 54 23 46 88 3 87 37 27 48 69 51 63 77 80 60 94 54 0 62 70 54 15 67 22 69 3 2 18 81 4 96 41 48 41 62 93 52 53 52 81 18 13 85 38 38 27 90 63 68 86 65 3 56 10 57 98 13
90 40 81 85 70 18 19 95 44 34 14 83 74 42 6 5 77 6 90 8 62 0 19 76 89 11 41 6 73 52 28 44 20 62 6 72 31 72 55 5 35 52 81 37 51 86 52 69 68 2 87 6 5 44 67 90 85 78 78 73 14 93 33 53 79 36 29 28 30 43 98 66 1 78 77 22 18 58 6 60 40 31 2 64 60 5 38 25 31 65 35 63 40 53 28 44 20 39 31 14
68 3 57 87 96 35 70 98 23 88 76 72 14 92 35 34 11 98 48 91 71 76 16 87 3 59 52 11 39 61 64 30 68 38 56 0 92 98 36 13 60 85 91 6 30 66 70 81 19 41 89 51 65 24 13 34 55 50 32 79 44 21 12 30 95 80 47 7 85 79 51 51 77 36 14 30 42 37 89 88 86 1 49 5 7 12 18 29 90 87 89 1 49 50 29 76 6 89 46 59
