79 68 58 67 22 73 7 38 38 92 44 87 46 94 32 68 96 9 39 68 33 1 11 38 9 64 68 51 87 22 70 46 99 91 85 86 98 26 92 14 91 33 62 98 89 11 7 86 20 86 49 76 49 94 33 53 31 17 68 78 44 4 23 83 16 26 90 27 60 80 37 86 31 57 66 53 13 7 16 24 16 88 71 77 82 7 72 6 72 11 94 30 27 79 41 68 52 89 62 42
89 16 76 91 98 12 48 6 63 91 93 51 90 9 7 82 81 59 77 56 45 53 97 31 37 72 24 26 44 63 28 19 13 95 2 53 61 35 22 37 33 1 56 75 21 93 22 6 42 37 72 87 21 79 30 92 31 3 83 91 73 38 56 90 63 55 51 55 63 21 57 8 36 6 25 34 19 65 11 56 89 51 17 42 90 19 51 1 47 66 76 15 65 14 69 68 58 23 20 7
76 39 39 17 72 57 78 42 93 54 6 72 5 96 37 85 17 34 82 70 76 10 32 29 63 91 16 5 93 96 41 48 41 23 17 97 19 82 43 41 65 73 22 62 81 89 90 12 29 2 90 2 59 76 43 73 97 92 86 32 33 69 30 8 54 93 81 97 76 85 49 31 18 88 32 84 23 98 29 64 28 93 5 17 42 6 21 21 6 67 30 75 24 18 16 9 34 81 16 55
80 79 47 22 69 22 11 51 99 86 80 59 6 35 69 11 64 30 63 90 56 34 51 56 86 43 20 28 88 82 81 58 73 8 14 18 70 41 66 45 82 46 78 87 63 67 72 27 86 71 87 78 89 77 85 86 2 26 12 28 60 52 99 14 11 66 5 16 75 72 56 2 99 57 62 47 40 45 8 81 42 36 19 90 59 26 70 15 35 43 10 33 7 28 55 32 17 32 72 28
35 93 69 88 25 56 6 13 71 67 23 90 42 58 93 81 30 16 52 4 76 4 2 6 23 41 75 89 33 30 91 90 3 4 30 45 42 5 57 6 30 83 23 85 72 67 40 39 6 90 48 20 11 31 93 62 32 70 73 7 79 71 29 28 14 79 5 2 62 23 15 13 50 9 9 46 60 55 64 9 57 60 15 65 90 64 33 44 33 91 82 18 67 86 82 89 94 42 65 5
4 94 74 63 55 77 13 43 22 86 47 87 58 70 82 61 72 59 8 28 36 29 61 25 51 29 13 36 43 93 54 33 58 40 1 85 11 53 36 92 48 17 6 44 23 52 9 81 36 35 91 36 96 22 97 47 79 78 3 38 33 30 92 30 93 20 69 0 87 42 5 85 47 87 24 45 83 40 51 83 32 56 34 18 66 84 24 5 60 81 99 37 55 62 75 71 99 15 45 37
44 88 44 0 74 17 3 97 65 86 34 86 72 91 98 74 77 35 22 17 14 17 96 95 35 38 39 81 33 2 83 31 8 77 79 31 56 45 64 55 80 81 26 75 87 52 29 92 86 48 0 15 73 27 54 75 33 31 11 98 44 43 82 48 52 41 80 50 81 6 47 26 76 13 97 4 76 22 22 55 17 8 53 9 63 47 18 0 50 78 1 20 50 30 65 45 54 1 16 65
63 31 73 50 76 42 1 63 11 95 78 49 17 43 6 45 48 65 22 7 45 76 68 15 76 6 3 3 12 7 96 84 54 23 26 34 72 82 94 51 44 36 48 4 40 89 29 76 83 2 43 20 4 95 48 95 68 78 8 43 83 92 5 73 80 44 4 13 19 66 86 75 76 0 44 21 44 21 18 21 37 66 52 7 10 5 46 52 33 86 34 53 6 0 23 14 42 94 50 72
87 35 62 64 78 76 47 2 51 66 55 19 25 45 38 29 57 29 67 75 13 30 97 36 92 90 11 12 32 89 83 68 73 47 39 4 55 33 91 86 71 7 55 3 5 32 7 91 0 29 96 74 35 29 9 46 14 30 5 62 2 72 57 41 39 89 57 36 68 96 47 55 95 73 55 74 77 13 54 3 64 80 70 8 89 45 87 74 45 92 76 78 10 47 40 50 95 70 6 43
52 52 31 43 8 1 66 61 55 42 6 73 45 79 75 15 59 82 94 34 63 32 99 92 44 50 16 41 23 38 10 15 71 89 36 99 2 29 36 41 76 59 13 61 53 20 61 40 37 79 28 85 7 61 63 64 78 54 41 26 37 95 5 71 31 50 75 10 23 16 75 62 60 39 39 95 70 9 45 54 95 95 44 68 94 92 42 4 93 81 17 23 25 54 86 3 21 47 55 45
86 27 16 43 97 35 47 23 93 69 54 34 51 36 6 10 87 63 84 59 3 67 90 38 23 88 8 59 88 86 74 91 68 52 0 32 3 42 57 34 36 62 49 54 91 93 45 69 90 79 77 0 22 0 26 56 84 98 55 56 1 2 26 79 83 13 21 35 88 11 71 39 95 20 36 28 37 69 76 37 12 38 71 27 12 74 79 84 48 44 14 57 2 38 63 27 85 79 7 4
17 67 67 37 43 12 18 98 15 46 38 37 81 51 83 92 44 9 89 59 8 2 40 40 80 26 18 72 14 81 93 15 29 80 62 52 70 42 84 64 56 6 21 6 6 3 9 6 45 81 30 89 96 17 60 57 62 19 9 74 32 45 67 92 47 9 29 42 47 38 47 51 62 14 17 12 12 42 59 19 45 42 90 2 73 60 33 76 11 67 83 11 23 0 18 51 7 1 68 13
70 23 65 2 64 25 23 10 32 74 26 31 80 94 22 92 82 68 55 54 18 64 72 99 95 5 79 94 4 64 70 44 75 74 67 47 74 73 49 39 12 10 37 74 65 22 35 1 14 90 55 38 95 86 63 0 84 98 17 87 72 39 61 48 96 26 48 82 37 60 58 48 47 41 48 41 74 31 57 88 84 42 95 11 90 93 10 7 55 31 39 58 12 55 85 14 45 6 16 27
7 5 23 49 1 53 50 39 65 31 61 34 33 67 18 50 60 77 14 76 80 93 71 55 86 23 0 19 62 24 87 66 51 35 63 32 80 30 10 89 2 27 46 3 31 46 45 71 23 45 14 26 1 32 67 32 8 53 60 72 59 40 75 58 69 35 97 34 26 15 65 36 1 31 21 84 31 65 68 69 44 73 24 19 76 0 46 94 52 99 67 21 17 97 70 94 74 65 69 72
57 74 66 1 68 58 44 95 7 21 63 62 2 34 23 71 58 4 63 75 9 49 28 9 9 40 26 39 98 72 58 85 52 49 80 87 12 52 31 4 55 93 34 10 40 41 69 9 38 40 59 82 5 5 24 52 58 3 78 91 2 76 6 74 92 81 56 43 14 60 35 21 37 73 64 19 56 60 22 89 15 2 52 46 36 68 91 69 59 87 29 37 62 18 17 40 38 55 44 31
23 71 32 24 53 93 27 83 48 56 7 19 4 63 89 48 61 51 38 16 61 76 91 25 56 12 59 72 13 41 0 73 37 83 9 33 83 76 77 18 4 5 37 73 56 50 8 10 68 66 59 38 89 8 74 90 22 44 29 43 86 44 73 52 19 28 34 20 33 84 40 68 35 70 44 86 93 55 93 63 47 35 8 98 18 18 32 98 27 82 95 51 70 43 70 85 22 54 13 86
37 23 26 86 50 56 43 17 34 17 40 97 38 94 11 75 3 43 67 35 19 70 1 10 9 5 57 94 84 62 67 59 70 15 58 31 45 36 2 99 28 90 93 37 0 85 66 26 42 26 95 23 5 53 8 30 76 34 40 54 47 75 63 38 46 74 90 96 32 62 14 44 2 17 99 39 87 78 2 51 79 25 99 5 34 32 78 30 81 56 49 29 40 65 44 11 64 92 75 76
72 32 51 63 49 93 54 67 82 96 26 68 6 78 41 3 94 74 38 70 46 81 83 65 18 89 74 30 19 21 4 64 56 15 88 20 86 8 80 77 53 62 38 63 45 19 78 33 25 2 58 4 4 47 44 52 2 93 25 6 47 86 86 57 26 96 89 2 26 37 30 28 37 48 91 24 14 11 75 84 23 21 15 59 13 74 86 54 79 70 75 58 48 16 22 20 74 56 59 58
18 22 6 92 68 48 97 63 73 33 48 57 96 46 75 44 30 1 71 86 85 35 93 26 16 68 5 33 48 80 12 29 79 80 12 37 80 86 28 56 52 52 15 24 61 39 69 37 58 90 83 32 4 58 93 44 10 1 3 36 53 58 32 48 56 9 83 67 78 54 51 67 66 27 21 39 59 38 60 25 32 33 16 21 40 29 21 77 38 37 82 86 2 16 44 26 33 50 58 54
18 2 55 80 1 51 43 81 75 43 13 95 17 20 41 14 5 58 57 82 56 55 64 2 54 10 95 77 81 49 74 23 37 50 64 36 57 42 41 44 75 30 87 69 86 96 98 82 89 22 12 48 18 33 20 74 8 51 21 24 46 11 82 3 76 23 51 72 75 99 86 60 16 15 73 83 48 0 9 19 83 73 89 37 13 88 81 8 89 32 92 20 13 20 87 33 57 10 91 10
33 9 44 66 16 45 49 60 39 64 42 16 63 45 43 31 16 73 4 20 18 74 43 74 67 87 96 58 28 79 60 65 88 18 39 88 90 74 1 23 99 80 54 56 53 93 49 42 16 51 18 74 68 90 31 50 16 37 59 59 25 76 45 89 17 49 83 20 36 12 23 58 24 72 2 42 90 55 21 15 17 72 92 34 37 75 3 21 23 87 28 68 32 18 61 31 99 24 8 78
71 92 81 25 84 11 57 25 12 36 78 56 96 77 43 44 44 44 3 33 39 63 76 37 26 85 6 38 19 33 62 39 73 21 7 68 9 8 89 76 1 97 51 70 93 15 71 74 14 87 68 39 63 97 55 41 88 9 88 83 16 62 12 38 47 93 64 67 96 21 18 49 73 5 48 23 51 95 13 94 5 59 84 90 36 69 18 45 14 45 71 56 2 87 33 18 57 79 52 64
91 7 97 17 2 23 52 86 76 99 64 40 61 21 52 9 14 37 39 61 36 10 80 50 39 30 71 15 71 8 54 18 80 93 39 77 32 18 80 36 21 92 38 8 74 54 43 32 98 82 33 5 65 32 33 90 18 23 65 24 39 63 46 25 14 30 33 98 72 12 29 56 1 35 76 46 58 91 27 46 14 1 94 7 89 44 19 24 64 86 45 29 8 4 56 50 50 37 38 99
71 21 32 23 31 87 12 2 44 45 34 40 71 99 15 43 29 39 91 50 96 24 79 56 33 35 78 40 70 44 3 6 33 17 68 97 65 21 99 77 65 22 52 67 25 11 1 6 71 65 69 95 71 43 98 53 1 14 82 97 71 58 5 6 58 34 22 62 46 77 26 39 40 47 52 34 88 26 39 50 21 9 96 7 19 4 19 91 79 85 40 14 42 97 90 6 35 87 69 44
79 13 56 40 42 36 65 95 53 96 26 21 18 27 33 16 52 40 74 70 63 95 40 43 11 49 94 66 18 95 3 54 27 99 13 28 83 72 40 92 1 47 97 37 46 76 84 30 41 99 68 78 91 89 73 67 34 14 1 48 39 61 13 32 18 17 91 84 81 53 89 12 61 80 29 96 1 55 18 83 15 92 5 84 68 68 8 18 14 5 49 64 55 88 75 23 17 26 11 46
89 84 61 80 42 55 71 19 65 26 56 75 43 43 46 39 23 2 72 54 10 26 52 24 5 26 54 87 79 83 67 72 6 15 89 96 74 60 89 83 59 73 1 74 60 82 7 25 9 54 67 38 29 83 84 2 68 22 15 6 34 69 29 24 88 35 65 18 95 32 0 3 67 60 65 95 58 81 60 97 2 69 89 10 52 13 48 24 78 62 65 30 60 38 51 76 4 73 73 73
51 17 15 5 7 41 98 84 61 85 28 16 38 40 1 98 11 15 67 70 16 24 28 13 77 36 58 8 88 58 43 85 36 96 61 84 30 21 71 11 84 24 14 31 69 71 55 3 28 52 17 47 9 0 73 81 29 28 76 40 47 24 99 68 11 21 72 16 91 65 83 99 81 50 54 48 11 38 62 26 6 49 79 88 34 77 20 66 71 33 14 4 0 67 58 50 68 98 3 54
83 18 47 61 45 16 32 24 4 57 59 72 36 4 84 39 60 73 91 70 40 24 79 9 61 34 17 24 55 61 69 24 82 49 31 64 46 67 11 29 57 10 53 29 2 83 97 46 3 4 89 27 61 56 66 94 29 6 83 83 82 62 91 74 7 86 66 13 65 35 23 74 89 59 30 64 26 77 83 16 58 75 49 71 90 58 40 49 67 36 99 15 53 68 58 91 86 50 58 64
42 1 9 58 21 16 51 21 30 29 79 88 25 62 95 68 99 32 86 73 21 34 25 87 18 51 37 20 80 66 37 38 83 77 87 14 78 86 15 14 1 74 31 18 73 24 11 16 50 28 39 34 54 32 69 57 72 46 75 63 46 58 49 94 92 0 10 27 65 29 6 23 55 55 79 86 11 81 6 51 6 62 11 18 58 31 0 81 68 92 97 9 14 64 38 8 73 48 56 76
98 80 82 13 46 37 57 49 40 0 15 60 73 71 92 49 24 33 95 4 69 11 30 12 14 32 0 46 26 18 32 89 83 6 38 7 0 32 9 42 89 91 0 24 4 20 32 42 28 36 21 83 42 89 45 8 0 2 95 2 26 86 14 74 32 6 77 54 2 73 53 17 13 47 20 26 27 84 86 8 72 10 13 76 0 80 19 66 67 96 30 2 77 70 57 95 13 47 9 81
15 0 69 77 81 47 48 88 13 11 98 65 29 26 11 61 64 71 17 91 5 69 22 93 73 40 29 95 46 91 18 76 20 82 86 36 0 65 48 78 44 26 74 20 16 65 76 7 13 45 1 15 68 56 52 50 39 85 51 61 11 51 67 55 80 11 14 27 40 23 48 45 2 86 56 41 60 56 77 52 56 45 39 54 83 17 52 15 59 91 64 23 84 19 43 63 8 19 58 46
20 45 66 31 17 33 40 91 75 53 67 75 23 27 7 74 13 94 30 25 25 51 52 82 65 83 95 4 78 1 84 76 26 7 31 26 6 31 67 50 59 22 35 34 3 62 26 59 59 53 44 44 21 67 31 63 11 40 5 5 17 70 30 77 24 18 5 43 53 91 18 60 5 83 73 6 13 46 56 3 80 5 88 55 3 27 29 14 3 94 59 79 10 30 24 35 37 10 94 57
3 39 51 92 40 23 76 61 86 28 2 93 35 12 81 6 74 13 51 29 32 6 48 27 56 67 53 4 55 77 0 77 25 88 61 91 41 86 78 8 88 70 13 61 40 37 23 79 66 26 84 95 9 7 51 21 68 31 39 43 80 49 12 21 3 55 73 43 82 12 12 39 45 37 97 41 74 85 53 6 15 97 27 40 97 82 99 40 65 34 87 98 35 2 2 29 13 66 61 3
23 87 19 6 91 72 25 89 7 8 20 12 62 27 90 77 44 66 22 6 23 3 8 22 1 7 86 67 18 86 79 35 1 5 21 75 22 23 72 60 16 86 42 65 2 71 16 95 28 32 90 76 36 68 52 87 55 76 53 52 74 87 95 54 32 99 41 43 88 10 76 52 2 59 66 42 66 87 10 88 63 3 55 11 82 64 87 82 3 87 94 43 36 40 84 38 20 70 84 40
58 4 45 11 72 74 79 66 34 36 84 62 36 48 83 60 11 38 62 88 75 62 72 14 11 53 37 68 9 85 36 66 53 80 53 65 64 39 95 29 12 92 27 65 94 8 67 91 48 60 44 78 35 27 56 86 87 76 53 25 91 3 31 70 4 71 57 82 94 79 36 38 59 3 89 0 52 56 60 21 20 37 66 37 45 30 28 52 88 76 71 72 55 85 52 57 67 18 62 63
7 53 0 21 58 72 88 31 0 75 64 37 33 48 71 58 68 34 67 39 26 23 64 62 37 77 44 97 41 29 33 27 41 31 7 79 24 61 69 8 22 48 45 8 65 48 37 59 61 36 95 58 10 72 79 91 36 87 5 85 64 65 88 53 97 13 90 80 59 7 58 99 9 44 25 24 79 19 19 51 57 11 4 56 15 65 42 58 85 51 71 97 24 61 24 40 28 6 66 61
37 99 93 46 74 13 71 58 50 26 3 67 21 93 82 55 96 42 91 30 12 35 28 0 29 45 2 96 72 11 14 16 44 53 22 70 7 68 43 12 22 70 23 80 71 38 38 35 30 18 1 64 92 10 54 25 23 50 20 41 66 25 91 21 87 20 19 27 95 85 57 26 61 81 38 12 44 37 51 90 79 49 26 80 68 24 36 87 43 9 5 24 23 56 6 1 94 52 26 69
53 17 29 5 75 87 43 87 98 0 50 33 70 12 26 39 3 87 9 88 26 56 32 49 46 50 73 82 58 7 8 6 10 16 42 65 33 97 18 73 22 14 94 27 2 25 89 16 73 15 12 63 91 84 30 82 73 36 97 0 87 64 96 71 1 11 96 68 56 73 82 72 50 69 54 53 94 25 11 28 97 50 64 52 78 79 46 7 95 74 51 8 33 12 5 50 64 46 10 95
16 86 16 38 11 95 44 60 12 69 65 36 20 51 44 86 93 27 17 30 9 35 40 10 59 57 92 58 44 34 90 83 66 76 76 72 72 91 39 83 59 6 73 79 86 62 28 53 45 28 29 64 85 70 75 52 75 78 14 89 50 46 41 28 99 24 5 74 3 18 42 25 23 35 0 18 35 37 14 16 60 25 9 16 85 71 12 1 77 3 40 37 52 44 25 20 9 75 24 51
39 30 20 69 19 41 85 25 2 40 78 4 50 48 40 69 65 88 76 1 41 85 18 34 53 57 32 60 82 43 14 27 91 50 55 7 58 32 80 63 5 79 94 38 31 94 64 40 54 96 15 23 92 65 77 68 32 51 27 14 80 79 32 54 59 92 41 68 61 92 87 55 91 71 19 24 96 48 88 2 93 75 66 4 39 65 50 18 42 50 24 32 46 20 56 18 23 99 22 42
39 17 16 67 16 39 41 95 30 82 24 67 52 92 51 85 40 56 21 21 96 82 51 76 74 47 83 63 89 80 51 93 99 75 78 3 8 28 18 24 96 45 66 72 19 79 99 5 5 2 65 70 51 56 24 72 68 96 25 79 10 78 69 84 65 8 73 65 82 73 68 29 94 37 26 41 50 0 58 47 13 20 82 26 85 79 46 24 25 65 23 15 99 82 21 8 1 98 25 71
7 63 26 23 84 11 10 40 30 5 58 39 97 80 50 22 33 36 57 93 48 32 34 60 24 56 5 11 24 18 96 45 74 99 54 15 32 8 63 63 1 60 65 20 28 62 82 5 61 89 79 75 78 81 52 1 68 28 92 32 0 66 71 15 94 60 98 72 50 76 73 33 40 70 88 81 5 25 0 43 52 21 33 94 98 80 31 47 49 89 35 5 79 44 1 86 72 13 18 81
7 80 28 53 17 49 48 81 90 56 63 26 60 88 44 44 99 70 71 40 41 16 54 14 24 39 88 20 55 11 93 20 59 25 15 28 56 2 79 23 68 23 20 8 74 55 35 93 7 10 9 64 91 28 32 23 85 58 8 97 78 29 65 19 46 97 11 20 12 17 66 28 34 75 90 7 54 14 82 73 78 19 99 90 34 55 65 91 27 20 40 6 83 5 79 11 59 84 48 37
32 59 82 30 96 23 51 79 38 79 15 81 72 52 90 10 18 34 85 82 15 82 29 81 8 95 43 40 98 34 48 66 25 38 43 95 95 82 11 78 70 98 38 99 71 41 15 61 36 75 38 3 11 76 99 50 67 62 63 63 8 68 43 84 19 20 91 97 84 54 90 17 32 87 57 29 22 53 53 15 38 3 45 85 24 55 61 81 37 96 69 26 92 19 27 52 63 72 9 90
86 10 16 11 71 42 38 15 32 88 6 31 76 50 21 19 16 80 9 24 58 5 2 12 25 65 19 99 45 33 39 2 64 28 71 2 99 72 64 48 11 99 58 23 94 66 1 29 70 1 43 84 56 31 51 65 11 35 81 61 57 15 60 67 72 61 34 16 61 37 14 76 35 3 89 17 85 40 90 39 78 33 95 56 17 82 58 6 37 60 47 18 67 31 38 15 33 80 23 35
57 78 54 51 5 19 83 36 13 88 40 2 91 97 87 16 26 4 60 38 63 29 66 21 76 61 10 4 48 20 75 49 68 38 2 4 38 66 94 87 31 1 6 49 93 28 66 39 65 12 18 13 1 15 57 55 62 52 2 57 61 92 83 0 90 39 32 92 21 67 16 46 47 24 16 1 82 91 70 85 96 42 45 17 51 29 38 23 19 46 63 0 13 52 38 69 19 98 25 23
3 50 70 78 10 81 89 42 45 7 30 99 25 78 56 17 59 90 71 98 93 97 24 37 68 54 77 36 46 18 16 3 47 91 30 60 55 92 94 55 29 37 28 95 35 48 40 17 92 20 39 44 79 1 46 17 49 86 99 88 51 51 68 46 12 36 10 17 74 61 93 6 38 68 34 86 90 39 38 45 77 58 71 89 79 48 74 79 61 47 76 67 22 28 70 80 87 12 34 86
5 52 66 84 29 35 22 4 88 86 12 43 34 57 36 55 34 45 7 23 23 84 15 78 64 49 38 14 23 75 1 13 11 9 60 11 13 21 67 9 54 20 0 3 13 87 37 7 97 90 0 87 39 5 58 87 91 75 44 71 88 22 73 21 54 32 68 28 70 46 33 52 54 35 58 9 15 42 53 49 74 32 4 11 91 58 81 99 69 35 21 23 44 2 22 0 52 85 82 53
1 36 85 9 3 41 97 29 30 54 56 70 59 23 94 80 92 81 4 94 1 97 88 90 0 65 61 81 16 15 16 67 46 80 9 81 59 99 74 57 11 78 22 63 48 49 35 20 77 84 4 61 1 54 8 21 43 89 24 29 46 54 76 13 14 69 25 94 9 96 51 51 0 6 93 14 11 68 41 35 10 58 5 92 55 86 80 99 50 22 25 62 21 87 73 86 27 71 30 3
76 45 66 17 50 8 35 29 60 81 94 39 70 94 53 6 62 94 54 63 62 23 33 46 46 51 23 13 34 0 6 20 64 5 28 79 87 86 71 73 88 2 8 46 67 17 49 8 24 20 26 1 8 42 83 78 27 1 46 4 8 27 36 4 35 35 53 56 44 54 40 26 84 85 99 83 13 20 11 7 58 58 18 33 30 85 15 18 52 10 61 50 31 19 13 34 11 52 71 17
42 16 44 38 58 86 83 23 77 1 75 86 1 94 7 49 21 5 63 28 33 87 94 62 27 15 99 68 23 25 31 94 94 17 66 87 67 11 44 48 1 70 56 31 94 40 49 54 63 83 28 28 10 94 87 75 62 60 71 33 34 36 51 0 63 43 52 21 31 51 33 82 71 33 85 40 13 47 46 62 87 13 2 70 73 71 69 77 18 59 17 41 35 1 46 64 11 79 9 1
22 82 18 91 7 29 80 62 1 88 62 29 35 84 69 18 50 61 87 26 12 22 99 74 53 61 96 15 74 70 91 25 67 40 62 47 21 1 22 83 21 65 73 16 10 6 91 83 54 4 77 89 84 0 20 83 56 1 5 61 62 69 46 91 76 1 22 78 64 39 88 45 36 42 87 1 31 58 63 40 91 7 72 38 27 12 47 30 57 85 26 88 60 21 16 45 40 21 82 8
48 15 73 85 63 47 35 68 0 70 21 21 69 73 32 36 12 83 5 87 7 68 38 12 66 35 81 69 17 33 49 80 11 58 56 53 55 58 27 76 41 55 92 86 48 76 74 44 0 23 27 26 28 56 10 12 92 62 72 77 23 24 40 71 69 25 70 12 52 69 6 88 50 56 37 96 15 35 98 1 1 65 78 27 17 8 31 86 17 12 75 73 12 65 28 84 37 3 36 72
62 99 4 12 37 79 76 90 84 20 21 1 54 57 58 30 12 84 93 75 39 80 25 43 29 31 67 2 9 53 74 35 26 72 6 87 16 81 21 69 73 51 79 21 34 93 95 14 34 48 35 89 45 61 16 88 23 91 82 39 75 50 82 85 94 23 81 63 29 60 66 23 4 86 6 74 64 0 45 82 12 26 45 27 90 92 30 51 82 24 24 55 41 65 5 99 76 31 44 30
93 36 70 27 39 98 39 97 98 46 28 85 5 32 97 14 30 16 83 47 49 5 55 35 58 4 98 60 67 63 71 91 47 13 20 80 64 58 40 60 17 98 47 42 89 29 88 25 47 52 19 10 67 33 79 75 3 71 77 93 98 46 91 58 79 3 47 18 89 16 62 18 64 78 95 77 30 53 89 99 71 59 45 76 59 31 80 66 52 76 12 33 12 2 82 54 59 41 87 12
81 17 22 86 94 27 43 94 53 82 85 9 47 36 19 98 62 19 31 51 43 63 2 7 97 66 4 95 20 24 78 18 76 10 59 64 32 79 62 44 81 3 32 56 46 33 5 85 44 0 60 18 15 94 56 77 50 8 22 13 13 57 96 10 35 91 60 56 78 23 55 90 99 54 84 93 69 81 82 9 13 15 96 23 12 69 15 21 66 68 80 40 45 11 98 90 71 82 96 19
15 0 53 31 27 84 29 7 90 58 98 15 6 79 42 52 83 71 25 69 6 86 71 3 91 96 31 41 34 75 59 45 12 43 95 74 33 64 21 44 77 91 14 4 51 24 29 34 62 92 28 48 15 77 0 77 25 27 16 53 45 31 77 56 61 62 15 61 39 33 90 89 78 49 96 74 28 12 30 17 3 64 9 58 66 41 81 33 22 38 96 63 88 94 65 71 37 72 79 99
82 94 70 88 48 85 38 2 69 80 69 22 51 81 23 75 96 45 54 91 72 58 55 82 7 17 57 26 16 23 15 20 88 58 39 30 86 20 13 47 98 34 55 58 70 97 94 70 23 88 89 59 58 24 96 5 9 6 79 85 84 43 24 47 87 3 64 33 53 5 30 7 20 14 31 10 75 36 63 51 99 5 99 33 62 74 81 36 77 30 80 54 25 4 77 71 97 86 30 86
76 20 2 82 39 13 31 9 52 44 50 87 26 18 79 14 97 50 22 47 68 61 95 19 1 51 57 91 6 81 26 27 69 34 51 72 61 62 45 23 54 21 28 85 41 7 15 12 51 67 2 54 9 40 70 2 8 83 25 36 56 61 92 70 2 43 21 27 64 22 99 65 33 0 67 42 44 58 45 57 97 97 7 75 37 24 36 84 94 12 49 86 13 83 96 19 22 29 82 74
84 26 97 9 10 36 15 95 61 37 61 18 62 99 2 47 28 72 83 62 42 18 69 18 20 16 27 0 85 70 71 87 22 18 28 8 42 90 98 80 46 22 84 41 12 83 54 27 63 57 20 79 68 80 91 51 74 63 37 87 53 70 62 2 44 20 43 39 96 59 86 52 91 78 20 8 58 71 66 60 85 21 36 51 74 23 22 72 3 67 93 86 90 61 40 84 2 99 82 40
92 66 88 24 82 45 84 34 50 21 82 50 33 39 39 66 26 48 53 89 23 97 28 78 13 74 71 52 46 41 29 29 77 39 53 39 90 26 43 57 95 81 78 56 2 19 51 20 59 86 85 2 86 69 9 3 20 30 52 70 99 84 27 53 0 65 20 96 73 16 59 37 37 29 27 57 73 42 26 76 74 99 59 44 89 64 91 28 19 5 18 18 39 91 44 14 4 82 42 35
45 39 67 40 47 49 76 99 76 75 86 30 68 45 71 86 55 26 85 51 98 58 49 86 35 82 57 11 7 56 75 58 83 90 38 77 38 74 31 76 84 98 73 25 69 80 33 5 22 92 29 81 70 91 7 35 54 70 83 88 9 9 54 15 22 32 10 17 23 17 39 40 71 30 24 5 29 6 97 49 21 74 53 16 14 11 3 70 57 81 82 0 40 2 63 61 43 66 27 79
15 92 49 22 83 7 87 66 80 20 38 76 62 86 18 12 71 74 32 25 97 2 37 12 53 76 25 43 99 29 52 21 13 76 24 89 47 50 8 31 80 99 28 5 70 10 34 92 56 59 53 29 0 30 92 64 82 44 72 36 15 1 40 43 16 69 58 63 72 26 52 93 15 45 33 98 49 48 61 62 8 30 57 56 31 89 17 5 19 12 28 3 68 58 67 14 89 12 67 25
11 41 62 52 70 31 66 26 61 31 84 34 57 47 23 9 43 19 65 28 33 52 57 30 34 89 57 89 2 45 62 60 24 20 89 21 50 21 8 50 75 57 88 46 17 18 1 69 9 43 84 7 89 88 29 59 82 45 39 70 89 21 85 15 53 85 54 33 72 79 53 29 95 23 17 98 14 50 47 13 25 37 5 45 34 61 13 9 69 46 97 33 89 59 59 88 88 56 29 32
4 94 85 3 93 85 28 91 62 81 47 6 87 78 25 7 83 68 45 26 27 63 29 73 74 94 11 46 32 2 98 94 66 75 66 24 18 38 5 19 3 52 85 50 76 48 35 79 93 16 35 66 28 39 39 87 51 39 45 20 16 16 30 63 7 17 80 57 50 98 72 41 54 59 37 18 79 83 91 16 96 49 11 66 72 36 57 90 56 98 64 22 23 90 68 96 36 51 23 8
11 74 96 65 66 98 87 20 92 95 21 54 4 5 23 25 42 50 11 42 56 76 91 57 4 79 60 23 12 25 53 16 0 42 20 47 18 44 42 15 16 54 7 9 31 25 78 90 40 7 45 9 14 22 43 37 60 48 94 41 40 46 34 4 93 59 5 26 18 61 78 35 25 76 43 94 62 81 31 57 20 65 5 62 68 13 82 9 41 77 23 0 78 41 3 43 2 61 39 50
80 92 90 31 68 59 4 36 37 65 53 69 64 28 49 5 55 31 94 16 0 72 10 63 56 74 55 74 6 24 69 14 45 96 89 30 80 92 16 33 50 89 14 51 56 33 62 95 41 2 54 57 10 72 81 30 57 98 34 36 45 91 64 0 61 12 31 26 83 75 96 46 7 30 37 25 68 79 82 9 37 89 87 84 59 42 57 48 8 94 84 80 84 1 99 90 3 49 86 63
77 53 19 81 9 79 60 33 31 47 50 53 87 4 86 46 52 2 13 62 96 54 95 85 69 60 91 39 35 34 76 53 74 59 26 54 31 23 33 89 27 27 53 19 67 0 92 6 12 29 3 44 92 55 82 89 80 35 10 95 36 17 12 95 31 76 18 51 67 97 12 48 26 33 18 83 38 75 22 32 83 46 67 37 95 31 2 59 52 93 45 96 18 56 88 41 66 1 38 7
50 4 83 24 56 66 75 19 99 83 29 26 34 14 96 90 37 97 84 41 94 40 14 13 47 43 45 43 41 8 19 53 83 21 8 9 12 86 81 92 91 82 73 25 16 46 58 36 37 63 54 24 50 6 8 69 79 73 0 97 35 17 4 95 28 27 55 73 84 41 54 71 87 5 82 1 11 4 2 80 98 52 50 69 5 94 85 4 97 8 36 29 49 18 65 52 91 20 58 3
56 46 29 30 83 50 36 35 41 90 99 37 12 1 23 15 13 85 49 97 8 80 20 51 37 30 81 63 81 9 65 43 97 88 8 13 63 72 1 77 58 48 47 37 60 5 9 97 15 37 85 31 84 51 31 23 94 51 27 81 26 48 57 47 63 89 28 85 72 40 94 33 49 15 18 90 16 67 21 23 79 37 46 23 46 74 53 57 18 37 27 99 48 16 60 40 31 84 71 64
34 71 52 32 27 47 55 81 61 45 55 37 69 79 76 69 73 65 6 46 60 47 28 7 17 59 40 56 27 3 59 65 16 23 84 10 16 84 83 54 1 1 42 75 35 92 19 31 90 22 25 22 17 53 51 14 87 61 48 8 5 88 19 77 1 47 63 38 84 9 77 70 36 67 47 55 70 67 91 81 31 65 49 51 43 16 37 56 15 33 72 76 66 1 28 68 29 56 51 82
99 63 29 1 35 71 59 28 56 98 19 73 5 24 25 40 91 66 75 44 37 2 79 96 11 63 19 91 14 35 75 26 52 56 34 39 55 84 46 59 53 46 62 32 60 72 96 67 58 64 98 31 70 72 94 97 58 15 70 89 16 4 81 47 15 63 41 72 17 45 93 81 64 58 84 59 34 30 26 85 80 46 72 23 7 75 76 57 20 99 19 47 8 94 28 35 3 6 48 73
95 98 45 96 80 96 83 2 27 54 17 26 74 34 35 61 86 29 22 12 44 49 64 20 63 87 46 98 44 27 3 5 57 39 6 66 26 67 54 3 77 95 90 69 74 77 19 60 67 89 46 64 26 95 10 81 6 74 70 32 3 1 46 54 14 90 9 42 77 33 99 11 5 18 12 6 50 26 39 16 88 48 12 52 70 76 1 65 96 16 21 72 49 16 0 71 15 12 27 40
80 63 37 43 76 91 89 44 23 97 87 49 7 88 32 85 8 92 53 87 52 8 43 79 53 33 23 12 25 2 91 0 21 15 14 66 31 70 8 15 87 15 10 86 27 49 36 48 54 43 2 84 6 63 42 50 49 34 86 88 70 25 20 11 83 46 73 8 96 30 40 8 92 61 91 30 41 95 78 62 34 46 52 26 67 98 87 62 55 43 14 93 33 87 62 85 50 10 62 43
17 1 85 85 77 8 78 46 25 66 87 88 77 46 33 9 51 97 5 17 17 52 30 77 38 36 56 35 99 17 27 99 64 4 66 25 39 73 47 88 24 0 32 8 82 35 55 80 84 84 71 65 30 0 46 95 15 18 52 80 53 36 90 49 44 86 45 83 16 68 65 92 80 19 98 38 98 55 59 4 90 96 46 29 90 33 44 19 76 10 45 38 98 10 16 3 59 88 99 55
90 47 18 39 87 90 99 14 2 93 45 99 43 87 94 51 64 15 15 84 25 61 17 73 64 72 18 30 97 5 76 30 21 28 71 21 23 81 13 62 74 39 65 25 1 30 25 45 95 37 39 33 17 65 73 72 21 24 83 56 47 82 64 33 55 58 94 20 57 21 72 49 74 43 80 38 15 99 41 66 97 15 56 82 74 50 45 17 92 90 30 63 61 6 48 28 12 81 71 91
48 73 18 45 19 47 35 20 17 25 78 2 5 87 29 4 26 39 88 82 49 70 11 88 46 80 46 59 69 51 33 57 94 27 16 25 4 47 11 30 89 49 93 26 47 62 44 56 48 32 46 35 85 37 35 3 63 13 53 68 55 85 32 7 20 0 65 7 51 61 17 65 67 23 3 35 4 42 97 16 86 37 72 61 42 2 42 53 90 21 39 69 71 78 73 35 34 84 61 90
83 76 87 20 95 5 74 26 61 49 3 51 81 82 99 46 48 24 49 70 95 6 7 24 11 10 15 36 97 13 19 12 29 85 55 46 54 57 94 77 32 10 77 86 78 1 42 95 95 73 79 75 84 96 7 53 49 14 41 32 6 85 8 28 2 8 40 33 92 85 97 43 20 1 56 29 97 7 77 11 27 27 63 38 22 14 95 96 4 52 98 86 74 5 49 41 25 75 15 40
72 75 26 70 45 43 84 10 11 9 95 73 45 93 43 47 30 28 41 44 51 5 70 24 38 48 70 21 8 21 60 63 41 76 41 76 36 21 0 63 60 37 40 13 17 20 49 84 33 96 4 43 80 54 4 18 77 97 23 59 80 83 91 60 63 80 56 86 7 3 16 24 5 45 57 71 3 22 84 84 69 61 98 20 92 34 45 13 71 62 95 17 48 38 90 64 51 59 76 55
30 64 85 52 64 19 32 43 51 36 34 5 87 45 98 58 35 61 99 50 23 14 55 92 69 1 67 45 92 6 69 36 64 80 49 91 2 23 62 73 93 21 38 12 50 13 33 83 54 80 34 44 75 84 45 95 4 46 49 44 37 77 73 96 60 27 56 39 99 57 2 48 55 4 84 32 47 70 24 57 54 40 11 5 53 78 60 83 25 88 98 92 18 66 21 47 39 52 24 76
7 44 68 62 65 91 62 8 12 42 98 46 58 73 8 13 88 5 35 43 53 58 50 97 89 1 98 26 12 94 91 30 47 83 70 68 7 16 1 38 52 14 91 25 99 89 61 44 35 37 49 47 43 56 5 12 75 45 18 61 15 96 5 96 93 79 37 17 78 92 14 28 74 28 5 85 73 60 74 40 98 40 10 54 95 2 54 68 64 33 82 7 21 88 3 36 81 45 72 70
81 65 70 74 26 50 54 93 72 52 18 67 56 62 50 52 79 75 63 73 76 74 86 75 62 99 21 88 12 96 40 24 13 34 91 59 48 18 85 48 69 19 95 4 63 37 3 28 24 9 15 11 4 91 10 90 77 7 65 29 85 41 79 17 65 77 53 22 71 37 13 17 10 10 28 93 44 80 5 0 54 64 70 47 80 50 22 6 91 94 11 84 56 48 57 10 81 91 23 89
39 36 60 16 68 32 26 97 33 16 10 21 8 90 92 45 64 45 55 87 54 22 23 46 92 53 86 50 78 65 16 70 61 58 73 52 91 19 12 39 45 57 80 52 29 68 3 94 20 71 5 49 32 54 34 11 92 81 87 44 36 72 33 86 0 76 6 80 94 48 61 52 82 32 47 27 93 34 22 13 62 98 19 66 56 2 46 40 28 77 22 32 56 44 73 12 61 62 50 71
31 3 78 32 75 76 99 73 78 71 37 85 64 57 90 96 51 43 65 50 53 53 43 99 38 16 38 29 62 16 93 92 27 26 64 70 49 8 41 0 13 97 5 19 65 48 54 42 53 42 25 6 9 50 39 34 75 62 10 71 18 81 33 90 51 38 73 23 5 21 46 35 76 83 63 44 54 22 23 15 15 73 60 51 34 21 31 96 54 58 79 74 73 16 60 26 36 60 35 8
35 41 63 92 73 99 21 72 51 70 66 60 42 48 47 67 79 2 58 72 80 45 66 42 71 57 33 89 62 63 95 25 80 79 62 49 42 42 38 24 61 27 1 20 99 31 3 2 87 77 58 19 5 95 99 85 13 0 52 88 43 86 40 41 13 40 3 35 84 54 75 80 17 60 29 35 62 49 1 56 14 65 11 29 22 46 70 46 59 23 31 88 8 79 46 39 14 5 6 28
72 84 25 52 14 84 13 54 89 51 87 38 64 85 64 84 23 2 38 49 82 51 14 8 95 12 82 50 18 79 61 7 81 73 20 72 68 46 88 20 1 3 52 84 41 3 81 46 27 34 6 24 90 60 62 65 37 41 63 67 31 22 56 98 79 29 59 80 41 15 43 47 92 80 93 9 58 36 49 34 77 43 83 3 88 69 70 19 5 2 28 86 58 11 53 78 1 74 11 63
16 87 26 69 73 59 44 27 35 90 17 20 25 61 84 90 31 48 85 94 21 41 15 12 9 11 3 44 25 24 13 28 95 96 29 34 72 10 18 23 33 4 61 73 39 94 1 67 99 6 72 39 82 58 92 46 40 58 51 40 44 53 86 51 43 32 83 25 36 35 50 54 4 85 30 68 82 41 82 24 86 56 64 62 80 61 47 7 69 78 97 64 1 19 14 63 33 97 17 76
27 41 44 77 70 80 7 44 43 43 97 42 9 86 79 57 50 41 13 21 44 27 95 73 26 0 2 67 96 40 37 20 9 5 24 41 19 77 44 24 99 95 69 20 16 57 26 39 1 92 18 1 88 57 74 22 7 13 17 87 42 79 51 29 50 15 24 36 56 46 54 81 89 67 5 75 19 88 83 97 62 68 84 41 32 8 44 81 81 30 1 86 30 92 53 60 71 41 38 95
65 68 2 16 69 85 62 92 89 86 57 8 94 95 22 74 94 53 59 78 54 10 11 41 83 73 65 45 74 34 45 13 86 75 48 66 7 88 63 20 89 6 88 25 98 84 37 86 59 65 75 21 1 99 61 66 9 2 72 54 70 40 31 8 2 15 60 28 91 8 54 38 20 50 17 6 81 35 3 39 10 2 1 11 82 21 64 59 9 4 53 29 69 17 20 3 89 27 40 60
19 63 76 37 21 10 72 10 10 40 56 65 44 89 84 36 44 64 99 19 52 72 38 6 49 42 10 4 30 99 75 99 43 39 45 2 32 65 38 12 77 77 37 52 56 77 42 63 12 74 93 18 39 12 13 60 31 16 24 35 49 54 52 20 39 14 75 14 82 74 33 91 70 82 80 63 79 55 23 89 91 2 40 48 18 93 65 87 30 5 92 25 83 78 60 72 61 41 80 51
77 29 66 9 48 31 63 1 74 24 15 63 99 80 56 72 51 88 57 44 22 51 83 40 90 64 86 98 31 87 91 78 48 12 34 13 93 27 82 39 59 72 14 17 32 18 69 61 58 75 70 87 75 4 44 36 41 56 36 90 36 31 17 38 78 87 81 99 14 66 99 26 62 98 81 73 39 28 32 84 71 84 99 36 61 84 16 37 79 88 79 27 48 39 3 28 52 66 11 27
99 44 62 72 75 16 5 17 14 46 47 23 43 75 96 98 87 78 24 64 78 66 4 73 19 86 70 87 35 39 34 13 83 73 68 75 68 61 40 84 42 24 72 88 6 20 70 22 54 11 6 24 89 18 84 86 51 72 88 37 15 38 22 46 30 49 86 25 7 95 22 99 50 93 52 57 51 81 22 25 30 74 55 53 99 46 96 1 87 46 88 0 45 36 59 90 9 79 81 42
28 8 97 40 42 0 87 43 58 87 2 59 87 90 69 61 48 60 60 45 98 13 70 29 45 13 85 66 50 39 81 47 50 58 19 63 85 23 29 27 75 52 52 38 95 51 85 24 98 0 27 43 7 88 26 21 12 58 23 93 33 35 43 1 66 47 61 74 66 52 66 81 64 94 85 72 49 97 22 58 84 58 92 49 8 70 1 60 13 40 39 86 55 69 55 0 68 73 84 98
79 31 1 73 7 72 69 32 56 27 56 36 4 71 94 30 30 21 67 92 32 79 98 60 42 54 38 91 59 1 57 32 2 91 44 53 52 47 86 2 59 58 64 46 88 10 13 8 32 82 22 47 69 76 2 10 2 67 3 60 85 1 49 96 3 68 62 68 62 85 63 58 60 75 3 75 47 21 1 82 6 88 67 36 79 32 93 66 42 20 95 81 70 46 52 28 59 47 85 45
90 32 12 64 47 19 99 81 29 93 87 91 98 48 92 41 68 64 66 16 72 43 83 5 48 17 15 88 50 5 38 40 3 36 13 40 30 27 47 19 50 20 17 72 11 10 11 20 80 40 12 74 11 47 5 27 22 68 6 45 59 50 26 3 5 37 68 15 30 7 33 53 7 96 74 16 15 61 18 60 22 71 80 44 80 11 46 13 47 70 83 62 97 52 96 88 91 24 14 0
25 74 43 89 86 49 77 78 0 17 0 59 41 24 2 2 6 38 48 69 16 46 31 31 97 30 57 76 13 30 58 36 32 67 56 91 56 68 95 61 26 78 6 62 29 80 56 14 29 26 8 32 9 24 25 72 59 95 99 78 41 62 12 51 23 1 61 50 40 10 84 85 68 83 37 39 26 97 1 42 8 73 75 10 47 81 22 95 66 37 83 25 3 82 25 9 73 89 93 21
80 76 15 41 59 49 60 28 59 21 53 24 11 15 29 70 43 18 66 19 19 86 27 26 78 49 90 50 20 19 55 95 84 51 99 86 41 44 97 97 7 68 91 68 64 75 88 83 35 54 41 66 27 30 13 8 58 62 34 43 22 4 92 19 57 16 45 38 51 74 10 56 58 69 76 23 34 53 74 13 79 97 63 10 55 15 3 57 0 2 74 46 38 68 76 37 57 53 25 49
74 14 52 66 23 7 55 45 38 34 36 75 33 54 29 99 21 90 46 74 44 27 8 8 69 40 7 95 7 59 14 74 39 99 49 7 56 43 87 33 37 7 97 9 68 63 68 46 86 94 52 54 41 86 29 90 57 16 49 91 21 83 52 9 12 22 24 36 88 7 43 62 68 70 21 8 34 95 93 69 58 67 63 55 28 9 22 18 6 4 62 71 76 17 12 86 57 73 72 57
36 36 74 85 68 52 27 4 45 99 65 44 93 68 83 31 53 1 29 7 68 39 81 14 26 54 34 25 52 29 60 85 82 87 34 24 93 51 70 76 91 84 10 14 96 76 7 21 73 64 59 14 28 55 28 29 84 36 74 87 28 31 89 7 45 31 6 60 60 57 70 87 14 95 8 7 28 50 38 34 98 43 43 68 67 15 61 28 98 9 2 5 89 26 26 58 17 58 43 69
92 55 38 44 49 81 2 69 76 6 83 7 88 77 70 33 38 96 21 80 92 90 36 27 84 98 64 74 49 36 26 15 92 81 31 52 12 34 86 91 70 98 37 61 6 51 32 48 10 6 9 79 94 99 16 0 0 67 66 57 62 7 26 19 35 87 28 1 86 12 76 47 51 85 48 27 4 24 16 70 65 81 53 24 3 54 33 28 4 97 62 8 18 24 92 89 78 88 21 81
