1 96 2 15 54 58 0 89 30 90 89 53 11 57 25 56 9 22 56 61
67 12 3 24 83 19 29 12 24 86 30 19 33 46 42 80 6 53 49 79
16 63 27 42 50 69 77 10 59 32 64 68 22 85 18 32 72 81 64 75
93 48 42 33 63 40 83 28 47 42 18 63 74 39 81 83 29 75 6 90
62 55 37 64 78 19 96 55 11 7 10 64 78 36 50 16 54 73 8 7
65 79 69 72 33 7 82 81 13 0 64 23 67 50 94 53 96 3 88 67
91 1 46 81 4 98 57 37 60 25 92 50 56 72 96 32 11 48 68 47
97 55 11 11 16 23 90 5 66 7 97 37 27 16 78 93 1 3 93 41
10 38 15 33 41 71 32 18 31 70 14 9 27 97 27 86 71 32 46 85
57 62 39 34 12 98 48 1 28 19 94 46 39 60 17 70 90 20 68 30
6 92 21 63 53 74 7 69 53 5 75 26 15 39 51 92 15 25 25 51
11 99 46 41 96 80 8 19 61 28 23 91 23 78 50 83 37 56 0 15
82 79 62 11 98 25 82 70 60 93 44 0 69 33 53 35 60 56 53 49
67 92 38 63 11 81 12 9 79 40 88 80 81 59 94 34 44 84 45 52
53 61 16 18 48 25 30 80 73 19 37 1 83 5 38 43 74 27 26 12
36 68 16 93 65 60 7 25 61 7 83 93 26 23 8 86 13 40 69 26
6 62 24 50 70 80 79 84 16 23 51 77 22 99 81 79 71 67 4 71
73 65 69 92 77 98 26 68 74 28 69 96 10 77 56 20 41 39 69 24
34 52 58 45 62 82 52 52 61 91 61 41 51 40 95 22 13 54 46 23
42 74 64 33 68 93 50 77 57 32 33 48 41 95 22 19 91 79 60 69
