81 39 16 60 13 64 26 81 47 52 59 67 47 7 48 60 85 46 24 77 35 97 65 61 8 24 96 97 65 94 80 6 3 49 36 4 32 11 89 17 52 78 9 75 24 67 9 96 79 40
89 60 54 58 90 1 86 51 32 54 43 27 72 60 45 88 54 65 90 0 94 77 56 11 88 42 37 61 9 77 16 50 96 93 82 12 66 96 81 83 3 92 29 67 65 99 12 74 0 91
35 79 81 29 12 93 28 83 57 52 92 86 94 28 10 54 61 76 55 12 80 42 9 42 48 17 99 20 19 47 72 47 31 25 76 77 70 69 86 81 24 74 71 89 90 10 84 69 50 48
88 80 7 86 26 38 9 78 36 19 97 11 55 86 53 0 25 10 35 88 12 87 99 44 78 40 15 82 68 1 23 7 90 82 43 50 87 96 98 96 34 37 21 3 17 56 88 23 58 58
88 40 81 69 21 18 52 68 61 68 84 66 75 17 33 28 69 74 84 0 58 89 43 30 3 44 41 97 25 20 74 80 36 68 83 6 1 22 74 79 47 33 57 41 71 87 89 59 64 28
25 26 4 82 9 89 46 82 98 14 91 51 69 81 51 8 25 37 97 4 42 53 89 50 29 83 56 47 6 98 92 54 85 73 91 33 41 7 28 15 85 39 7 75 95 98 24 79 71 84
24 16 73 58 38 84 90 64 12 6 44 28 46 61 11 90 1 70 73 41 36 29 64 56 62 76 86 17 50 43 48 61 26 86 94 93 93 13 95 59 9 99 67 12 66 69 85 22 45 36
26 13 58 50 71 6 77 84 74 29 91 89 75 70 56 88 34 88 90 54 87 16 38 67 69 71 82 20 43 49 37 62 5 22 95 72 67 39 90 25 36 41 48 54 57 98 56 34 32 14
32 27 63 25 88 53 41 1 87 90 2 77 31 85 22 17 20 76 73 51 12 38 6 73 58 30 31 7 7 19 51 45 66 34 57 54 58 37 15 34 84 51 63 49 61 60 66 8 24 48
95 45 49 75 75 77 84 42 77 16 5 51 54 76 33 38 83 98 78 53 22 87 95 66 60 0 84 30 84 67 23 69 32 27 92 46 60 97 19 60 33 31 0 3 51 95 34 17 78 44
74 12 2 61 79 96 26 92 9 31 13 48 56 58 95 37 9 46 50 60 32 28 51 45 97 50 65 69 30 63 5 71 9 74 79 74 80 54 7 87 89 68 72 32 85 93 34 62 26 68
12 12 38 16 24 3 64 58 5 54 74 48 56 62 72 25 92 13 95 11 91 38 41 69 66 90 76 44 10 48 72 28 18 33 45 77 51 32 79 63 61 16 95 35 32 23 3 6 17 60
86 38 69 36 12 17 46 93 4 44 91 8 3 85 27 72 21 47 57 82 67 3 26 39 2 38 37 2 51 38 7 57 76 82 56 3 16 32 60 2 11 62 54 87 5 25 20 43 19 79
70 77 8 66 27 81 23 92 51 28 50 8 5 38 79 97 9 35 88 66 86 99 20 98 51 69 45 99 98 6 6 68 55 72 32 26 28 19 24 28 59 51 13 98 17 49 85 23 12 37
97 11 54 33 76 48 74 78 93 36 94 27 96 70 83 33 92 31 71 80 19 91 43 0 39 56 66 50 51 25 93 52 55 59 2 11 57 59 47 86 77 6 40 15 63 85 80 50 93 63
48 12 42 80 52 75 13 18 31 2 43 24 24 51 57 36 27 52 79 73 31 16 25 64 42 56 11 91 69 73 89 48 35 25 82 90 7 4 88 99 60 88 82 65 49 24 61 78 56 7
54 69 35 6 73 19 83 8 55 62 99 1 90 61 82 62 3 39 17 84 43 78 71 64 74 61 62 51 32 57 53 1 17 41 15 32 52 3 50 27 27 1 16 45 90 83 85 33 99 23
50 95 78 83 59 54 99 95 87 29 72 59 34 73 48 92 23 32 40 80 9 57 6 80 68 36 99 22 69 9 82 24 95 68 16 53 65 72 60 76 72 69 2 73 61 80 90 97 9 58
61 0 33 46 23 71 66 10 29 19 34 50 69 51 29 6 28 73 63 57 97 15 5 0 68 14 54 61 31 36 18 61 79 75 81 7 70 6 92 47 29 72 57 29 84 8 89 19 3 47
80 52 18 59 18 71 86 16 34 63 6 79 84 27 43 62 96 94 86 98 26 44 21 65 31 56 68 89 37 30 65 37 73 53 95 30 29 2 67 53 66 34 67 37 96 40 62 98 98 36
20 47 64 47 56 65 91 69 78 68 48 18 72 94 6 36 78 37 86 66 1 18 45 54 35 72 28 33 90 17 64 36 16 92 6 46 61 12 78 91 40 60 97 66 72 85 89 55 1 73
37 69 44 57 4 95 29 40 91 11 61 57 28 69 50 65 15 11 73 24 25 83 57 30 17 91 64 31 81 12 36 6 0 39 89 32 28 86 73 20 64 70 6 17 85 39 51 42 37 92
45 56 13 56 34 90 89 95 29 37 17 46 98 99 72 99 56 55 6 81 64 85 12 2 95 1 88 65 64 41 71 35 93 20 5 79 8 7 83 48 7 70 27 23 64 55 87 42 43 39
65 6 50 82 3 48 48 74 93 55 99 79 65 46 50 73 26 22 56 33 98 99 7 61 71 2 62 2 12 92 19 2 97 26 41 26 49 75 29 84 1 85 40 39 87 94 8 76 93 43
73 74 43 27 36 96 62 32 11 77 94 51 79 3 96 64 72 46 48 63 81 55 56 3 7 79 60 80 43 22 80 69 45 96 73 33 91 68 13 15 95 1 73 5 45 64 14 15 29 55
94 14 23 99 0 50 81 61 23 4 93 54 80 7 17 28 45 16 93 39 31 7 13 71 17 67 52 73 4 29 82 64 35 57 24 94 65 42 82 61 15 38 99 83 17 80 11 20 4 83
14 9 62 64 25 29 74 22 77 89 93 45 56 40 97 74 39 95 62 28 74 88 97 91 32 93 81 64 79 71 53 59 95 89 29 69 84 41 83 90 92 27 55 4 28 4 31 14 47 17
38 33 7 22 64 28 86 46 89 92 72 50 89 72 62 99 22 33 44 3 47 36 35 21 64 76 45 7 62 63 49 84 52 91 66 67 30 71 8 12 40 86 84 83 88 53 2 39 54 36
24 8 6 92 21 45 50 45 35 1 0 45 73 6 46 31 94 43 19 18 49 77 3 56 58 76 43 53 42 43 37 47 56 0 96 66 88 53 38 84 87 30 18 58 82 40 13 39 47 21
0 9 37 8 24 19 78 30 75 47 92 62 26 20 63 38 92 65 47 59 87 47 10 68 9 20 38 22 39 93 61 79 40 71 80 80 90 25 56 7 54 78 37 27 70 62 62 64 97 19
20 40 48 49 61 18 84 90 74 14 58 88 50 10 19 34 54 18 96 99 87 32 64 64 15 18 55 57 33 49 67 52 4 70 27 7 82 55 67 98 76 55 89 55 71 91 41 92 15 23
47 84 95 11 41 46 47 93 2 36 45 8 66 44 28 60 10 33 98 13 31 92 62 96 13 75 97 5 46 70 60 13 37 22 31 12 22 38 33 86 60 94 12 59 88 61 66 10 9 85
68 25 0 4 30 19 83 67 51 13 93 43 6 58 66 64 80 4 40 55 64 79 84 43 73 80 60 15 49 84 36 34 0 94 68 16 43 62 64 46 37 92 54 22 42 59 83 61 33 3
28 47 61 84 21 57 85 46 90 28 66 53 31 69 82 66 50 77 87 13 27 23 14 29 23 96 46 5 83 11 87 30 94 44 79 39 6 11 0 70 94 55 92 22 77 24 85 10 97 77
95 19 4 45 38 28 85 16 17 55 58 75 63 66 97 83 41 30 95 88 49 77 50 38 59 76 13 76 24 59 22 24 82 48 75 41 57 64 71 39 94 90 83 91 35 38 91 18 43 34
23 44 36 66 60 59 61 27 11 85 2 77 49 67 62 37 25 88 85 66 89 50 10 25 19 63 9 61 80 94 50 41 42 13 60 55 12 37 42 0 14 62 4 43 78 18 99 36 34 67
82 46 91 55 88 63 64 2 11 54 74 36 48 77 57 82 28 54 12 27 92 32 47 27 49 86 82 59 34 62 9 73 95 94 16 93 16 55 67 64 67 27 89 59 27 20 45 44 81 14
45 26 64 42 27 20 44 24 4 39 12 0 76 6 54 35 50 63 70 89 25 79 98 25 51 97 85 96 1 37 26 93 37 82 34 34 74 86 59 24 41 8 19 43 88 63 73 46 87 17
6 15 69 63 29 34 37 52 63 68 45 26 16 92 31 14 38 19 42 76 49 90 73 60 88 5 39 10 3 87 91 21 19 76 18 22 39 95 43 89 45 64 59 15 64 22 49 3 13 15
90 46 23 68 97 65 6 15 12 22 43 90 96 80 79 46 93 17 42 78 15 66 99 59 60 15 19 99 13 72 64 56 65 20 17 23 89 92 53 15 62 5 46 23 16 47 88 82 48 20
8 12 23 25 80 30 94 38 72 63 37 55 35 96 19 67 78 24 82 43 96 37 52 44 32 94 77 86 53 2 10 16 83 56 63 99 13 11 39 18 50 86 49 6 44 20 45 22 24 97
73 24 1 32 14 71 88 14 87 59 73 60 33 31 60 75 25 77 44 48 7 23 64 23 83 11 8 4 85 39 14 78 78 30 31 91 32 93 85 25 79 95 55 82 71 45 7 12 76 78
73 19 39 26 11 8 4 31 99 64 40 16 29 72 49 59 17 63 92 67 65 76 12 55 36 44 71 46 81 30 92 77 98 42 42 86 80 2 90 3 1 83 30 15 1 27 7 50 95 25
95 65 9 67 45 51 63 33 99 72 46 57 72 70 80 61 93 7 40 60 66 56 72 82 25 88 89 49 74 35 6 39 27 23 47 11 90 36 3 27 15 5 94 0 93 76 35 24 54 76
90 6 93 41 94 46 77 4 76 37 61 19 39 99 26 5 80 85 38 90 15 37 79 61 60 98 88 78 76 52 72 23 9 97 41 64 93 17 9 16 51 33 84 18 16 24 74 1 75 94
82 12 61 21 1 82 30 76 16 56 99 28 57 93 38 22 90 90 81 69 8 60 74 36 36 38 19 31 94 11 13 24 58 43 8 0 7 5 36 52 14 99 12 44 60 37 54 69 28 26
38 37 81 8 76 12 51 61 33 66 6 26 32 87 49 80 53 58 49 40 2 70 65 10 19 19 19 94 62 17 81 42 20 80 75 2 41 85 70 97 6 10 40 49 93 67 91 95 37 66
82 47 33 74 97 54 70 59 83 14 35 25 93 46 8 6 50 72 94 28 53 21 75 53 65 5 59 6 24 10 64 31 88 95 88 84 7 6 10 70 63 67 19 14 44 63 20 88 91 24
33 80 76 98 66 66 34 72 57 57 31 20 10 22 64 31 88 43 28 81 88 1 60 45 92 66 8 68 44 47 61 10 40 98 58 12 15 6 33 12 28 30 84 96 30 81 15 19 95 37
28 49 76 1 15 82 49 29 95 15 53 46 12 32 8 64 34 49 10 79 83 85 61 96 83 78 21 41 55 15 31 68 89 84 50 17 10 34 99 27 61 74 50 88 81 59 66 41 3 67
