95 27 20 44 8 21 78 70 36 40 1 97 11 30 52 0 9 87 14 6 74 78 22 26 72 10 12 6 96 8 32 43 54 96 21 78 17 97 33 9 85 18 89 54 10 16 79 66 16 91
73 91 53 37 76 27 46 52 0 32 7 79 44 40 17 73 37 79 0 29 78 79 23 80 63 3 55 73 44 15 42 85 47 22 24 48 10 38 86 87 85 14 22 23 90 27 11 12 9 1
85 42 82 88 72 78 43 92 70 27 27 99 65 80 12 37 53 26 40 4 56 1 40 59 93 79 42 72 21 89 59 91 21 95 66 29 71 85 76 95 49 52 47 50 70 61 60 31 9 8
22 52 89 30 3 72 1 83 27 75 47 85 94 89 23 28 98 64 50 99 51 45 93 59 32 85 23 87 67 15 94 18 88 6 58 81 72 93 84 65 33 71 85 5 13 85 90 50 35 64
70 87 36 38 26 75 97 80 85 22 69 92 15 43 38 73 94 34 82 24 40 80 24 12 93 18 4 59 61 29 74 96 46 23 11 26 23 92 81 5 89 92 92 87 36 37 45 89 96 28
40 67 88 91 54 13 3 26 15 66 75 19 38 85 5 15 9 14 79 67 24 91 32 41 0 59 16 77 97 48 44 86 37 56 6 63 50 25 47 97 77 0 3 94 29 93 16 84 54 23
71 37 64 72 67 31 36 96 75 33 74 26 80 53 3 61 88 87 20 65 79 75 85 57 44 33 24 15 4 82 38 5 66 46 93 9 68 57 96 50 67 41 20 53 40 32 91 19 36 1
52 69 96 65 70 18 78 10 85 16 16 67 12 40 78 18 51 30 14 59 88 86 26 6 87 70 59 49 41 71 67 63 56 58 60 68 96 14 47 96 68 33 75 12 66 87 72 38 56 55
85 61 22 15 6 58 57 26 91 52 3 46 31 73 94 14 84 88 90 64 13 57 47 16 38 57 85 95 63 73 19 75 31 47 19 43 75 80 83 13 94 12 48 71 98 79 30 85 22 2
78 47 63 67 96 21 32 81 50 42 93 32 43 8 46 34 23 73 99 97 92 78 93 59 27 88 31 97 34 58 24 53 92 13 25 76 79 48 32 35 68 11 3 70 92 21 59 75 69 41
56 41 68 18 36 48 87 45 51 34 15 8 53 54 65 95 51 57 42 99 94 43 49 69 44 68 51 79 40 51 6 43 91 33 85 73 95 66 28 75 87 17 48 13 68 20 28 45 36 81
23 14 56 74 36 73 58 79 46 94 20 11 80 95 17 89 0 24 34 34 46 4 91 94 0 88 40 90 5 95 4 62 64 51 36 79 2 98 45 64 55 98 23 53 73 0 80 75 20 74
23 52 68 2 86 95 26 41 8 92 97 17 7 41 55 19 79 96 45 20 47 96 79 68 48 3 59 50 7 14 53 93 51 27 54 98 6 74 90 28 87 64 77 81 52 65 39 54 9 96
3 98 76 0 15 1 51 63 48 70 39 93 59 8 53 42 9 24 7 86 31 27 28 12 19 20 46 30 10 3 3 67 60 59 80 52 8 48 88 58 63 60 82 27 42 28 61 47 84 3
9 85 94 34 11 53 9 88 5 98 41 37 22 88 40 78 41 74 31 97 87 90 68 13 45 67 75 65 34 50 61 72 74 15 75 30 29 72 65 23 32 95 75 34 34 91 7 97 59 44
47 50 8 40 34 50 77 66 58 30 79 31 3 39 92 63 59 68 60 3 12 3 64 71 31 32 20 79 72 33 58 83 28 86 51 4 31 2 51 82 23 67 15 39 56 21 8 78 3 73
33 8 31 5 73 43 1 74 53 71 16 53 80 10 39 24 65 33 51 5 61 0 83 1 31 90 36 20 53 9 16 40 64 11 75 68 89 18 62 68 36 93 47 3 39 12 93 81 34 90
82 26 8 46 67 45 63 12 13 61 52 46 72 45 21 36 20 45 89 62 39 80 28 44 85 29 7 7 52 57 21 40 72 34 3 13 89 39 67 26 1 77 90 17 17 0 29 42 20 1
31 95 65 1 41 78 5 48 40 90 51 6 8 40 58 90 37 81 36 66 69 42 87 16 39 74 62 61 84 65 40 69 92 94 13 8 81 87 52 58 55 9 38 28 4 37 34 78 75 64
7 44 11 41 19 43 1 96 55 90 80 66 77 56 56 1 7 91 79 90 99 2 86 65 29 29 97 59 10 15 6 94 45 92 5 63 61 54 48 29 18 40 73 52 16 40 45 87 51 11
49 60 42 14 30 66 31 24 58 35 10 73 55 56 10 46 20 76 14 55 29 87 90 85 43 72 8 44 98 65 35 42 34 85 38 90 7 23 1 22 56 80 19 51 46 25 59 41 56 10
53 24 73 92 47 28 34 28 4 23 12 0 16 17 87 32 11 35 88 73 66 57 80 83 2 27 30 22 82 47 86 51 0 2 90 45 32 81 1 14 32 25 92 13 64 55 15 93 28 9
87 83 27 67 62 68 2 3 86 4 41 82 81 40 44 22 16 6 44 45 75 38 45 59 54 45 85 40 30 76 78 43 65 54 98 9 70 74 21 92 40 63 34 92 22 44 35 22 40 43
98 90 59 87 48 71 36 59 12 78 30 16 3 2 18 75 91 52 76 9 78 99 21 48 15 88 91 41 59 81 84 99 74 22 85 49 27 67 25 55 34 59 83 87 31 43 18 2 24 24
15 24 56 0 16 24 78 25 46 75 95 32 79 85 71 66 50 45 73 16 10 11 52 25 89 40 29 32 43 60 47 97 74 32 58 20 15 75 56 93 0 68 63 34 8 99 6 29 53 26
17 15 27 77 62 71 54 83 79 9 72 88 57 29 60 42 7 80 49 91 62 20 96 1 8 53 88 78 6 80 62 37 40 86 10 85 95 30 16 0 25 25 46 64 64 73 14 49 75 90
0 71 10 77 77 47 29 2 93 84 77 33 90 37 40 18 48 53 85 49 3 74 68 60 83 60 76 27 90 84 90 67 20 21 89 59 63 32 3 64 13 59 54 17 16 34 20 72 23 60
51 17 15 56 85 54 0 92 99 21 62 27 1 46 98 74 64 59 14 14 27 86 42 45 37 46 69 39 79 49 21 9 74 1 24 85 0 28 31 70 66 82 25 59 61 3 14 69 46 25
93 33 95 40 77 77 49 94 36 12 68 82 34 11 40 57 96 81 17 31 57 51 64 66 51 1 45 3 1 55 86 93 13 34 11 22 89 1 0 77 0 95 40 62 12 85 66 47 99 72
84 94 75 77 57 77 29 87 10 62 22 64 44 7 24 15 11 22 51 77 83 96 16 74 95 87 57 8 72 49 21 4 48 5 10 82 45 23 49 9 51 0 87 22 76 63 7 80 74 3
51 74 11 53 25 87 5 25 54 29 52 64 1 91 42 7 24 45 24 97 34 50 46 78 98 26 21 88 37 7 82 7 67 55 60 87 50 8 70 28 94 68 80 46 47 1 7 3 86 50
35 32 73 38 14 10 77 14 59 58 12 53 47 42 14 93 99 29 77 5 32 39 38 51 17 24 87 32 98 28 68 8 80 57 92 82 47 64 52 67 40 2 64 22 70 72 55 29 73 81
28 11 51 3 45 10 83 73 99 60 37 7 28 82 85 48 37 65 78 5 86 11 19 23 10 29 22 90 15 37 49 23 47 55 86 93 94 62 52 51 80 25 82 84 20 4 95 85 93 48
60 37 42 60 23 73 38 53 10 36 13 77 11 73 36 21 3 96 9 34 54 60 68 72 44 32 88 27 63 23 85 49 20 83 37 14 12 12 77 19 11 64 37 99 37 44 34 91 31 53
25 2 68 45 95 57 27 5 99 8 29 35 13 71 98 13 91 4 12 61 75 15 13 62 93 82 96 88 61 86 41 81 61 8 80 3 70 67 38 39 46 28 76 10 52 31 4 51 93 12
56 41 7 3 75 44 36 60 97 53 70 50 62 38 67 1 21 10 14 10 69 56 79 96 24 87 84 61 74 57 47 91 82 60 73 26 39 85 17 46 55 27 46 28 36 69 41 53 60 23
50 0 74 46 96 95 24 6 48 57 51 42 99 43 89 80 10 76 64 39 56 96 82 6 32 27 25 31 98 41 27 23 22 24 47 52 23 59 77 10 54 26 79 24 36 29 98 82 49 16
13 89 21 35 11 57 70 91 42 94 96 76 58 54 52 66 77 17 2 30 96 4 94 56 22 69 87 43 77 84 9 28 87 26 93 5 81 95 94 26 31 20 5 67 35 62 29 1 70 96
17 28 57 0 18 21 14 86 45 78 43 28 23 74 23 82 11 56 92 57 59 32 27 94 70 51 41 89 89 27 30 19 33 49 42 66 8 85 59 66 92 99 59 74 89 93 68 15 76 61
32 53 90 50 26 9 10 65 55 1 60 32 98 46 49 55 52 11 74 18 73 84 46 26 6 25 70 63 61 33 34 40 69 2 49 44 73 42 38 72 72 5 46 60 65 99 46 20 40 18
61 72 57 36 30 73 49 0 15 16 51 15 85 0 26 97 72 28 75 68 93 49 88 38 16 5 13 28 24 79 66 5 67 73 54 54 57 19 96 34 67 97 15 32 94 68 8 42 71 98
98 38 83 13 31 95 91 64 47 17 86 52 25 9 17 74 86 0 44 4 31 70 66 32 79 92 40 29 81 36 34 58 98 35 84 85 21 82 37 52 9 87 7 35 64 87 86 38 16 41
70 37 42 88 39 88 59 87 76 99 87 37 36 64 99 96 88 90 80 84 93 63 51 76 58 85 47 33 75 59 96 11 12 53 32 91 38 57 85 84 58 88 12 77 26 97 11 13 24 34
62 89 34 86 25 59 76 75 21 41 62 52 20 29 64 20 45 40 80 40 67 41 85 83 54 55 64 20 11 82 66 3 36 36 29 84 23 92 40 59 16 15 76 97 76 52 53 67 55 61
90 2 64 93 49 78 35 98 70 58 71 1 98 61 89 0 95 27 93 94 55 57 16 47 40 93 67 58 53 18 82 66 41 56 38 42 1 56 53 14 75 32 27 46 97 26 66 37 51 69
81 43 11 22 82 88 73 81 75 31 92 64 39 26 15 79 47 47 49 29 86 11 59 96 81 27 83 73 59 86 61 52 41 90 34 11 41 21 73 12 77 22 64 6 40 45 61 30 75 41
95 17 65 91 92 42 9 5 49 94 15 8 76 65 42 82 78 55 17 90 88 10 37 51 75 28 20 15 53 85 47 72 17 2 84 27 7 80 32 98 48 85 22 43 91 62 92 95 28 76
33 65 13 69 67 27 24 73 14 99 32 57 20 0 91 97 31 88 95 22 47 7 46 67 75 85 53 95 26 41 15 90 44 11 27 88 1 50 74 45 68 49 95 6 50 46 99 10 3 28
12 14 66 41 63 45 42 41 51 46 30 3 13 71 62 85 5 96 58 20 47 6 50 89 60 79 72 92 1 82 35 20 27 31 51 10 1 51 65 81 48 13 47 46 81 37 30 44 87 53
90 89 49 80 89 22 67 14 71 42 82 71 81 98 68 16 31 21 10 62 58 21 72 58 7 17 81 35 11 20 11 71 15 73 64 20 42 63 20 68 65 53 42 58 56 22 62 23 4 94
