26612 19230 31446 31039 28749 20355 23299 31685 16219 18150
28514 17812 41569 39855 34693 25633 30540 34858 22287 27229
25734 16678 33344 27296 29465 16269 22924 22423 16557 23334
19758 15287 28415 26418 20257 14918 20750 23403 16198 13019
26389 15736 32238 29046 30470 19557 19677 29581 16724 24778
24043 12298 31873 26993 25872 15882 16015 25348 17937 20852
32360 22281 42756 36293 32659 24946 27430 34359 22903 28677
24466 23004 33661 35593 26400 22647 26003 36723 20619 20455
26816 14337 32620 24936 31348 15270 20239 20625 19381 26412
31404 19745 38660 33596 30748 16865 21584 32393 23073 21339
